Power Outage,PRCP,TMAX,TMIN,Fastest 5 second wind speed,5 second wind speed squared,Fastest 2 minute wind speed,2 min wind speed squared,Average Wind Speed,Avg Wind Speed Squared,Fog/Ice,Heavy/Freezing Fog,Thunder,Smoke/Haze
0.0,0.02402745995423341,0.6387468030690537,0.6272141706924316,0.06014748931119502,0.009205550672568306,0.04961084173372507,0.010811864078413705,0.13334987285244682,0.03425492020708197,0.5217391304347827,0.15217391304347824,0.06521739130434787,0.17391304347826095
0.0,0.0,0.7647058823529411,0.7037037037037037,0.697522154758319,0.5076754069565768,0.05557611189225192,0.011893190307735018,0.021398002853067054,0.0024735980951762146,1.0,1.0,2.7755575615628914e-17,1.0
0.0,0.007368421052631578,0.8647058823529412,0.8567901234567902,0.42620523470568655,0.20613534074986062,0.21115962406571456,0.07362995383034554,0.2743699476937708,0.09919244838394657,0.5999999999999999,0.2,2.7755575615628914e-17,0.4
0.0,0.0,0.7647058823529411,0.8024691358024691,0.9771714833779864,0.9570999818930079,0.40057722193443346,0.20205120305781862,0.09557774607703282,0.017456184822835827,0.0,2.7755575615628914e-17,2.7755575615628914e-17,2.7755575615628914e-17
0.0,0.15,0.5549019607843138,0.5716049382716049,0.15477417206994407,0.03699451772053443,0.23726781617701473,0.08754664979964165,0.437089871611983,0.22179815153460147,0.39999999999999997,1.3877787807814457e-17,0.20000000000000004,0.20000000000000004
0.0,0.07894736842105263,0.38235294117647056,0.35802469135802467,0.8567510581968644,0.7463217023551584,0.8001924073114778,0.66807088612047,0.3723252496433666,0.16112227176229918,1.0,2.7755575615628914e-17,2.7755575615628914e-17,2.7755575615628914e-17
0.0,0.0,0.803921568627451,0.728395061728395,0.3208516304950935,0.12473999942777182,0.23939909716569233,0.08874247389202884,0.1911554921540656,0.05142386681927163,0.0,2.7755575615628914e-17,2.7755575615628914e-17,2.7755575615628914e-17
0.0,0.0,0.8872549019607843,0.8333333333333333,0.42671887632968186,0.20658130753645235,0.7808776733515873,0.6395242495914796,0.1806942463147884,0.0494646054779623,0.0,2.7755575615628914e-17,0.5,2.7755575615628914e-17
0.0,0.0,0.9215686274509803,0.7407407407407407,0.5656874712661901,0.3446087459172274,0.06756456745356326,0.015203688622321588,0.09557774607703282,0.017456184822835827,0.0,2.7755575615628914e-17,2.7755575615628914e-17,2.7755575615628914e-17
0.0,0.03814241486068111,0.6273356401384084,0.6021786492374728,0.11243398800570345,0.022569314235692257,0.18657153677722102,0.06102440587722524,0.35745573550390203,0.15598143810354617,0.31764705882352967,0.04705882352941187,0.07058823529411767,0.16470588235294129
0.0,0.14210526315789473,0.5,0.6296296296296295,0.7037999968293728,0.5162205396616176,0.853474432028417,0.7501372454019432,0.3937232524964337,0.17799607289482094,1.0,2.7755575615628914e-17,2.7755575615628914e-17,2.7755575615628914e-17
0.0,0.2087719298245614,0.6405228758169934,0.6584362139917695,0.23904944593287789,0.07534441846988063,0.4183378968400798,0.21729209835294935,0.6666666666666669,0.48114224582000065,0.3333333333333333,0.33333333333333337,0.33333333333333337,0.33333333333333337
0.0,0.06396761133603239,0.616892911010558,0.586894586894587,0.19494358112598734,0.05368515386358241,0.31962953053754517,0.13988931775756758,0.5669556311496399,0.36019021264361123,0.15384615384615383,0.07692307692307694,2.7755575615628914e-17,8.326672684688674e-17
0.0,0.14661654135338345,0.7633053221288516,0.7936507936507937,0.25954075728168535,0.0865729651685675,0.10219788351957379,0.027187889312904882,0.19597853406697913,0.0577560852746342,0.5714285714285714,0.14285714285714288,2.0816681711721685e-17,0.2857142857142857
0.0,0.05826538176426984,0.656034244683789,0.649452269170579,0.0897450525375178,0.016162436658166256,0.16411009533855245,0.05057672504366147,0.3010588495308513,0.11739556022045804,0.45070422535211285,0.12676056338028166,0.1549295774647887,0.22535211267605645
0.0,0.09473684210526315,0.5490196078431373,0.5432098765432098,0.7483156042422995,0.5788475333079723,0.37393620957596385,0.1803622366762864,0.7655729909652877,0.6033781114870381,1.0,2.7755575615628914e-17,2.7755575615628914e-17,2.7755575615628914e-17
0.0,0.0,0.3529411764705882,0.41975308641975306,0.6119152174257677,0.39822761485984537,0.5204617775475467,0.3141597117191168,0.265810746552544,0.08944126108751266,1.0,2.7755575615628914e-17,2.7755575615628914e-17,1.0
0.0,0.031578947368421054,0.5882352941176471,0.6728395061728395,0.45468380919164864,0.231565293491385,0.10885813660919119,0.029009888100728,0.24988112220637188,0.08360056570912572,1.0,2.7755575615628914e-17,2.7755575615628914e-17,1.0
0.0,0.18421052631578946,0.39215686274509803,0.5061728395061729,0.8635996131834685,0.7576093300701947,0.5737438022644861,0.37160616321614803,0.4893009985734665,0.2634697684626358,1.0,2.7755575615628914e-17,1.0,2.7755575615628914e-17
0.0,0.017505720823798657,0.40579710144927517,0.3549382716049379,0.03070614695030461,0.003845602891740787,0.059166857036219545,0.012915961425115587,0.16720420103785483,0.045253651552401714,0.3695652173913045,0.07608695652173911,6.245004513516506e-17,0.10869565217391317
0.0,0.9526315789473684,0.8823529411764706,0.9876543209876543,0.4127364098986985,0.19461105965625042,0.5737438022644861,0.37160616321614803,0.20209224916785545,0.056363502238907695,1.0,2.7755575615628914e-17,1.0,1.0
0.0,0.0,0.2549019607843137,0.14814814814814814,0.371645079979074,0.1614866194457698,0.2287426922223045,0.08276335343009296,0.17023300047551118,0.04257653901020522,1.0,2.7755575615628914e-17,2.7755575615628914e-17,2.7755575615628914e-17
0.0,0.0,0.8333333333333334,0.8024691358024691,0.9606208088270264,0.9265838276194831,0.5471027899060165,0.34229674918705044,0.17023300047551118,0.04257653901020522,1.0,1.0,2.7755575615628914e-17,1.0
0.0,0.05526315789473684,0.5661764705882353,0.5154320987654321,0.1924412244962666,0.05255456527163602,0.07189373196181456,0.016692240487324386,0.15953399904897764,0.04179154709920816,0.75,0.5,2.7755575615628914e-17,2.7755575615628914e-17
0.0,0.05263157894736842,0.4019607843137255,0.41975308641975306,0.5211718638532634,0.2966099551663716,0.29401317250055503,0.12232959689867322,0.3295292439372326,0.12985746312438431,1.0,1.0,2.7755575615628914e-17,2.7755575615628914e-17
0.0,0.018529199711607804,0.3172172978780551,0.29206832403179395,0.0675489118124761,0.010792546494054771,0.11756208379754055,0.031641853405599864,0.3200776451123314,0.12932942124892272,0.3013698630136987,0.02739726027397267,0.013698630136986377,0.2328767123287672
0.0,0.049999999999999996,0.5055555555555555,0.45720164609053504,0.1344567922763519,0.02967174249863221,0.2337156811958855,0.08555360964566305,0.5165160881280711,0.3002635371342485,0.33333333333333337,0.033333333333333326,2.0816681711721685e-17,0.03333333333333344
0.0,0.005263157894736839,0.8431372549019608,0.9012345679012346,0.6512944085987413,0.4469358382871836,0.17412861688744177,0.055064491701894286,0.07417974322396576,0.01211358075853331,1.0,2.7755575615628914e-17,2.7755575615628914e-17,2.7755575615628914e-17
0.0,0.19999999999999998,0.4019607843137255,0.5185185185185185,0.8635996131834685,0.7576093300701947,0.9999999999999999,0.9999999999999999,0.34046600095102236,0.13753246278210615,1.0,2.7755575615628914e-17,2.7755575615628914e-17,1.0
0.0,0.04473684210526316,0.6470588235294118,0.654320987654321,0.35195548439258717,0.14670003226210948,0.2880189447198994,0.11843217756815395,0.26034236804564914,0.09064066497182797,1.0,0.5,2.7755575615628914e-17,0.5
0.0,0.05964912280701754,0.676937441643324,0.6202233980011758,0.10112715800821195,0.019268370894522432,0.05532238796502842,0.012442532467823243,0.10477096211760975,0.022304925571607653,0.3333333333333333,0.19047619047619047,4.163336342344337e-17,8.326672684688674e-17
0.0,0.008771929824561405,0.7712418300653595,0.8189300411522633,0.4199654401623362,0.20076064831740703,0.3828165470287872,0.1876710275546757,0.20906641306070695,0.06332663149341639,0.6666666666666666,0.33333333333333326,3.469446951953614e-17,0.6666666666666666
0.0,0.0,0.5098039215686274,0.4074074074074074,0.6119152174257677,0.39822761485984537,0.29401317250055503,0.12232959689867322,0.0,0.0,1.0,2.7755575615628914e-17,2.7755575615628914e-17,1.0
0.0,0.31052631578947365,0.5588235294117647,0.5555555555555556,0.6746936381363053,0.47719998425762084,0.9999999999999999,0.9999999999999999,0.4893009985734665,0.2634697684626358,1.0,2.7755575615628914e-17,2.7755575615628914e-17,2.7755575615628914e-17
0.0,0.0,0.5098039215686274,0.5308641975308641,0.9309437372184087,0.8730994607828154,0.3859246651372752,0.18997718994853185,0.7018544935805993,0.5127428616618044,0.0,2.7755575615628914e-17,2.7755575615628914e-17,2.7755575615628914e-17
0.0,0.0,0.8137254901960784,0.7654320987654321,0.43556492652071216,0.2143263138791904,0.9467179752830607,0.9050374985457239,0.04232049453162149,0.005692442968799966,1.0,1.0,2.7755575615628914e-17,2.7755575615628914e-17
0.0,0.17719298245614035,0.6111111111111112,0.6090534979423868,0.46143724535899433,0.23781172952948396,0.31754606675053654,0.13845124008537835,0.4430179109209067,0.23737366616254715,1.0,0.33333333333333326,0.6666666666666666,0.33333333333333337
0.0,0.06340852130325814,0.6069094304388422,0.5814226925338036,0.17523830661324913,0.045135097561615586,0.29293484580985507,0.12176664679635717,0.5494644838439419,0.34125064742140115,0.3333333333333333,0.04761904761904761,0.04761904761904766,0.09523809523809527
0.0,0.000751879699248122,0.6288515406162465,0.54673721340388,0.13365779419458143,0.0294240961997277,0.01827869459039448,0.003728424971057841,0.047007676108959943,0.0086017633176919,0.5714285714285714,0.14285714285714288,2.0816681711721685e-17,0.4285714285714286
0.0,0.0,0.8088235294117647,0.7530864197530864,0.39504430951663794,0.17997670306962962,0.36794198179530824,0.17567346316698154,0.31906799809795533,0.1678583054351111,1.0,0.5,0.5,2.7755575615628914e-17
0.0,0.14052631578947372,0.6627450980392157,0.6395061728395062,0.20767925934146073,0.05956792704327066,0.3703396729075705,0.17757271319606707,0.6806466951973372,0.49463935225855554,0.3,1.3877787807814457e-17,0.10000000000000003,5.551115123125783e-17
0.0,0.19473684210526315,0.4117647058823529,0.49382716049382713,1.0,0.9999999999999999,0.3619477540146526,0.17098468965767663,0.3827864954826439,0.16926828700113472,1.0,2.7755575615628914e-17,2.7755575615628914e-17,2.7755575615628914e-17
0.0,0.03157894736842105,0.3627450980392157,0.4074074074074074,0.9771714833779864,0.9570999818930079,0.6922963072596758,0.516249586920446,0.15929624346172133,0.03826669535672637,1.0,2.7755575615628914e-17,2.7755575615628914e-17,2.7755575615628914e-17
0.0,0.005551550108147119,0.3926940639269405,0.3111787586673428,0.018459783090002173,0.002076427078623335,0.020030432389307462,0.003595815645744233,0.10497723408828882,0.023149204436866314,0.3698630136986303,0.09589041095890409,0.013698630136986328,0.26027397260273977
0.0,0.8105263157894737,0.7254901960784313,0.8395061728395061,0.697522154758319,0.5076754069565768,0.681639902316288,0.5022983058425956,0.1274369947693771,0.026944134691247755,1.0,2.7755575615628914e-17,1.0,2.7755575615628914e-17
0.0,0.06315789473684211,0.5396078431372549,0.52,0.1469668193852154,0.034096867645052,0.27147487604528986,0.1079074307750313,0.5560627674750358,0.3384765373958786,0.36,0.16,2.7755575615628914e-17,0.12000000000000005
0.0,0.02982456140350877,0.7941176470588235,0.728395061728395,0.4085511818513294,0.19110619069059676,0.11685044031673206,0.031549060336115486,0.20906641306070695,0.061692823868167955,0.6666666666666666,0.6666666666666665,3.469446951953614e-17,0.33333333333333337
0.0,0.0,0.0,0.09876543209876543,0.29802311387307984,0.10973671440674733,0.4392066898542144,0.23558263817780767,0.03185924869234428,0.00398411747721194,1.0,2.7755575615628914e-17,2.7755575615628914e-17,1.0
0.0,0.015880217785843954,0.707995267072346,0.6774159216687949,0.03965252111337126,0.005300126110389989,0.07044684939407014,0.016085763017548105,0.16211241740042961,0.04240522202210257,0.37068965517241403,0.163793103448276,0.034482758620689724,0.17241379310344834
0.0,0.010526315789473686,0.7093837535014006,0.6578483245149912,0.1202460406791484,0.02499345952287858,0.11865822329819964,0.03208455030885901,0.2392840160315196,0.08083189321085703,0.3571428571428571,0.07142857142857145,0.07142857142857145,0.07142857142857145
0.0,0.015789473684210523,0.7450980392156863,0.8641975308641975,0.8687360294234215,0.7661304340765691,0.29401317250055503,0.12232959689867322,0.04232049453162149,0.005692442968799966,0.0,2.7755575615628914e-17,2.7755575615628914e-17,2.7755575615628914e-17
0.0,0.3763157894736842,0.7303921568627451,0.7654320987654321,0.2663485470600359,0.09048166836985262,0.39325094353585444,0.19601419650317523,0.48906324298621023,0.2779683636918713,0.0,2.7755575615628914e-17,2.7755575615628914e-17,2.7755575615628914e-17
0.0,0.07323308270676691,0.5963585434173669,0.5947089947089947,0.12328712521486665,0.025960313238925142,0.17812476874121216,0.057005821675407284,0.38864207594592765,0.1871646663173532,0.22857142857142881,0.028571428571428553,0.08571428571428574,0.14285714285714293
0.0,0.0543859649122807,0.7418300653594772,0.6584362139917695,0.22763518762187104,0.06940561814905843,0.21409013542514618,0.07495679100344281,0.2692978284989697,0.0958502062830277,0.3333333333333333,2.7755575615628914e-17,0.33333333333333337,0.6666666666666666
0.0,0.03796992481203007,0.7188375350140053,0.690696649029982,0.07746295461699956,0.013082226377772593,0.1233798670063749,0.03382410328516547,0.2719032334759867,0.09662844324869445,0.22321428571428603,0.0803571428571429,0.06250000000000006,0.08928571428571414
0.0,0.047368421052631574,0.45098039215686275,0.5555555555555556,0.5656874712661901,0.3446087459172274,0.3619477540146526,0.17098468965767663,0.691393247741322,0.49856376008162373,1.0,2.7755575615628914e-17,1.0,2.7755575615628914e-17
0.0,0.026720647773279347,0.7217194570135747,0.7056030389363723,0.15424736014789758,0.03683573896499341,0.0730977007895531,0.01757617295946154,0.17176926734701345,0.047479565209470366,0.5384615384615384,0.23076923076923075,0.07692307692307696,0.15384615384615388
0.0,0.1526315789473684,0.4019607843137255,0.5185185185185185,0.7431791880023464,0.5714393682959309,0.5351143343447051,0.32949000072703627,0.07417974322396576,0.01211358075853331,1.0,1.0,2.7755575615628914e-17,2.7755575615628914e-17
0.0,0.015866873065015507,0.3742791234140713,0.3687363834422655,0.056317801300516786,0.00841260905004903,0.09679132512917851,0.02433770889201313,0.2838452071270734,0.1035814499411408,0.20588235294117677,0.07352941176470587,0.014705882352941228,0.11764705882352954
0.0,0.0,0.3333333333333333,0.4691358024691358,0.6512944085987413,0.4469358382871836,0.4392066898542144,0.23558263817780767,0.3509272467902996,0.145076068505487,1.0,2.7755575615628914e-17,2.7755575615628914e-17,2.7755575615628914e-17
0.0,0.08947368421052632,0.6688453159041395,0.6496570644718793,0.12164745794955534,0.025443407836001197,0.2119292533116258,0.07377865025751983,0.32870502456807743,0.13869396518126584,0.26666666666666683,0.0222222222222222,0.11111111111111115,0.044444444444444564
0.0,0.09473684210526315,0.7058823529411764,0.7160493827160493,0.30601309469078464,0.11488647477704976,0.11773847406201443,0.031764973019463176,0.1806942463147884,0.05391319949134405,0.0,2.7755575615628914e-17,3.469446951953614e-17,2.7755575615628914e-17
0.0,0.04339622641509434,0.4212911579726227,0.4249941765665033,0.07762563087257757,0.01312140017833097,0.12824826966066225,0.03565500969569397,0.3542692828753174,0.15125897261741386,0.3018867924528305,0.037735849056603994,0.03773584905660384,0.10377358490566051
0.0,0.005263157894736839,0.8823529411764706,0.8888888888888888,0.4178728261386516,0.19896523567436375,0.6656552949012062,0.48172309719416906,0.3086067522586781,0.1157772645989798,1.0,2.7755575615628914e-17,2.7755575615628914e-17,1.0
0.0,0.0708133971291866,0.551693404634581,0.5145903479236812,0.14250384438561173,0.03248811110538159,0.23043802937238891,0.08376253799926671,0.3968789175636537,0.18692701502574072,0.13636363636363646,0.04545454545454545,4.163336342344337e-17,0.13636363636363644
0.0,0.0,0.38235294117647056,0.35802469135802467,0.9771714833779864,0.9570999818930079,0.2287426922223045,0.08276335343009296,0.09557774607703282,0.017456184822835827,1.0,2.7755575615628914e-17,2.7755575615628914e-17,1.0
0.0,0.0,0.7794117647058824,0.7345679012345678,0.41373515750091167,0.19547382180318693,0.30133945089913416,0.1273862035540433,0.21802187351402758,0.06989186667459527,0.75,0.24999999999999997,0.25,0.5
0.0,0.0,0.5294117647058824,0.4506172839506173,0.5123258136622331,0.2875023457894976,0.12817287056908166,0.03731837424262643,0.24441274369947696,0.08406207924055532,0.5,0.5,2.7755575615628914e-17,2.7755575615628914e-17
0.0,0.04210526315789473,0.6568627450980392,0.6275720164609053,0.19529478907401834,0.05384771950596767,0.19632946051949976,0.06637890249759358,0.23743857980662547,0.08481114046188679,0.16666666666666666,0.16666666666666669,2.0816681711721685e-17,2.7755575615628914e-17
0.0,0.03157894736842105,0.4117647058823529,0.5308641975308641,0.7369013459312926,0.5624494116326495,0.29401317250055503,0.12232959689867322,0.21255349500713266,0.061290672604119474,1.0,2.7755575615628914e-17,2.7755575615628914e-17,2.7755575615628914e-17
0.0,0.0,0.7941176470588235,0.728395061728395,0.2928866976331268,0.10649020279057682,0.2673721601420854,0.10533013676179662,0.1274369947693771,0.026944134691247755,1.0,1.0,2.7755575615628914e-17,2.7755575615628914e-17
0.0,0.012894736842105278,0.6458333333333335,0.6012345679012345,0.07120753341048527,0.011619384110754378,0.08647968622807675,0.021001383811417397,0.22012601046124586,0.069137030999773,0.275,0.04999999999999998,0.05000000000000003,0.2000000000000001
0.0,0.0,0.7581699346405228,0.7407407407407407,0.3364511168534695,0.1355394343138038,0.33441870791090056,0.150662518950368,0.21271199873197022,0.062248165883037075,0.6666666666666666,0.33333333333333337,3.469446951953614e-17,0.6666666666666666
0.0,0.0,0.7941176470588235,0.7654320987654321,0.33854373087715406,0.13701251075522353,0.05557611189225192,0.011893190307735018,0.06371849738468854,0.009802845751490553,1.0,1.0,2.7755575615628914e-17,2.7755575615628914e-17
0.0,0.02860998650472335,0.6877828054298644,0.6416587527698638,0.08719590940298311,0.015509344717770435,0.08986787651776929,0.02221100587410134,0.19270395161978615,0.05593163185392839,0.2820512820512822,0.15384615384615383,0.07692307692307694,0.05128205128205139
0.0,0.24210526315789474,0.6078431372549019,0.5679012345679012,0.7203506713803327,0.5390885349693468,0.18611707244875306,0.060722674080211564,0.3937232524964337,0.17799607289482094,1.0,2.7755575615628914e-17,2.7755575615628914e-17,2.7755575615628914e-17
0.0,0.01804511278195489,0.5966386554621849,0.564373897707231,0.17564595869578511,0.04531146151193248,0.22722034865896337,0.08200968278363044,0.3737517831669045,0.19537551151606095,0.14285714285714282,0.14285714285714288,2.0816681711721685e-17,0.0
0.0,0.10328947368421054,0.6636029411764706,0.6334876543209876,0.16386990916152763,0.040525472720080835,0.2954284762820988,0.12337072224013808,0.42742510699001435,0.2208779291089877,0.24999999999999997,0.06250000000000001,0.125,0.12500000000000003
0.0,0.027095516569200784,0.4059549745824257,0.37631458619112945,0.10093692036969518,0.01920751772676138,0.1587853671772861,0.048217215541077975,0.38995438615029676,0.17889818863687004,0.2592592592592593,0.1111111111111111,0.03703703703703707,0.07407407407407418
0.0,0.011239964317573625,0.3863409770687934,0.39150449884913147,0.08979028449931364,0.01617547309006247,0.17410603975832437,0.05518100904190318,0.4352700339305432,0.2173663914057776,0.2711864406779664,0.01694915254237292,5.551115123125783e-17,0.13559322033898316
0.0,0.017543859649122806,0.7418300653594772,0.6872427983539094,0.378493634965678,0.16679637578524167,0.13061496336860806,0.036561458625325,0.17007449675067368,0.046820719754039286,0.6666666666666666,2.7755575615628914e-17,3.469446951953614e-17,0.33333333333333337
0.0,0.03157894736842105,0.7235294117647059,0.7086419753086419,0.21036161004454731,0.0608437044260057,0.2758972840967957,0.11093526910072124,0.3105087969567285,0.1484863847888737,0.5999999999999999,0.19999999999999998,2.7755575615628914e-17,0.6000000000000001
0.0,0.07229394240317775,0.6907140214576398,0.6722571628232006,0.10370075021229744,0.019995518239787055,0.1748574747727206,0.05551798575801807,0.32529450291138445,0.13373441506255432,0.2641509433962267,0.07547169811320753,0.05660377358490568,0.13207547169811332
0.0,0.0,0.8529411764705882,0.7777777777777777,0.9885857416889933,0.9784327777822771,0.40057722193443346,0.20205120305781862,0.0851165002377556,0.014740846409890639,1.0,1.0,2.7755575615628914e-17,2.7755575615628914e-17
0.0,0.040313549832026875,0.6058614935335838,0.5857630680325716,0.08888718739385568,0.015937796241475895,0.13018511724722137,0.036409501785675195,0.322421869467124,0.13087053900995305,0.29787234042553223,0.07446808510638303,0.07446808510638303,0.11702127659574481
0.0,0.0,0.3529411764705882,0.4691358024691358,0.5034797634712028,0.27852367089327296,0.42721823429290307,0.22491254600051472,0.425582501188778,0.20465269395369257,0.0,2.7755575615628914e-17,2.7755575615628914e-17,2.7755575615628914e-17
0.0,0.15789473684210525,0.4803921568627451,0.5246913580246914,0.2523660806290525,0.08257256359719711,0.2806926663213203,0.11382986683023491,0.4305753685211603,0.21106044713580638,1.0,2.7755575615628914e-17,2.7755575615628914e-17,2.7755575615628914e-17
0.0,0.0,0.6917211328976035,0.6817558299039781,0.20436278317665155,0.058011945079609106,0.08325316362021759,0.020910231533786884,0.1747767739208538,0.048227318272505135,0.4444444444444444,0.11111111111111113,2.0816681711721685e-17,0.33333333333333337
0.0,0.48947368421052634,0.7352941176470588,0.691358024691358,0.5725360262527942,0.35230965080692506,0.2287426922223045,0.08276335343009296,0.2762719923918212,0.0955732504836339,1.0,2.7755575615628914e-17,2.7755575615628914e-17,2.7755575615628914e-17
0.0,0.021052631578947368,0.7549019607843137,0.6584362139917695,0.24837109022020007,0.08035547659584807,0.09020942795826245,0.023802093717991177,0.15945474718655886,0.04841147866674052,0.8333333333333333,0.8333333333333333,0.1666666666666667,0.16666666666666669
0.0,0.0,0.7058823529411764,0.5432098765432098,0.44070134276066525,0.21889147359291192,0.028935099533782316,0.005386500393275357,0.03185924869234428,0.00398411747721194,0.0,2.7755575615628914e-17,2.7755575615628914e-17,2.7755575615628914e-17
0.0,0.17565789473684212,0.6262254901960784,0.6126543209876543,0.18009955769749048,0.04719056121459536,0.3264819063124399,0.14470825042907765,0.431942463147884,0.22343980431090626,0.5,2.7755575615628914e-17,0.2500000000000001,0.375
0.0,0.0,0.7450980392156863,0.7654320987654321,0.4635298593826789,0.23975541682527413,0.42721823429290307,0.22491254600051472,0.2976699952448883,0.10873205670741513,1.0,1.0,2.7755575615628914e-17,2.7755575615628914e-17
0.0,0.015789473684210537,0.3315736551030667,0.3447293447293446,0.11223410936469169,0.022508661196591683,0.20387774735439948,0.0696258219294401,0.5323164709755297,0.31147735107208563,0.3333333333333335,0.02564102564102562,6.938893903907228e-18,0.20512820512820523
0.0,0.021052631578947368,0.3284313725490196,0.4506172839506173,0.3488165633570603,0.14439694010150905,0.21275808480722266,0.0747325739861202,0.4681407513076558,0.2661245185372729,0.5,2.7755575615628914e-17,2.7755575615628914e-17,2.7755575615628914e-17
0.0,0.01611039794608475,0.7497608799617406,0.7073170731707313,0.03484790075472533,0.00451108700191885,0.04667411507978758,0.00981429501656384,0.11601892766431238,0.025820577747447705,0.40243902439024415,0.17073170731707324,0.04878048780487808,0.1951219512195123
0.0,0.055921052631578934,0.3553921568627451,0.32407407407407407,0.1858780259674377,0.0496813775835277,0.3194886405683416,0.13973261102996296,0.7790656205420828,0.628486230508282,0.125,2.7755575615628914e-17,2.0816681711721685e-17,0.125
0.0,0.042105263157894736,0.4019607843137255,0.43209876543209874,0.3208516304950935,0.12473999942777182,0.465847702212684,0.2601439271341914,0.15929624346172133,0.03826669535672637,1.0,2.7755575615628914e-17,2.7755575615628914e-17,1.0
0.0,0.005263157894736839,0.5196078431372549,0.5061728395061729,0.2837552909843213,0.10084052827484727,0.22008436320580185,0.07835155388336303,0.48906324298621023,0.2779683636918713,1.0,2.7755575615628914e-17,2.7755575615628914e-17,0.5
0.0,0.0,0.7091503267973855,0.6337448559670782,0.4127364098986985,0.19461105965625042,0.20876193295345222,0.07247526061564587,0.10984308131241086,0.02327852319484386,0.6666666666666666,0.33333333333333337,3.469446951953614e-17,0.6666666666666666
0.0,0.005263157894736839,0.696078431372549,0.654320987654321,0.697522154758319,0.5076754069565768,0.2673721601420854,0.10533013676179662,0.09557774607703282,0.017456184822835827,1.0,1.0,2.7755575615628914e-17,2.7755575615628914e-17
0.0,0.0013157894736842116,0.7598039215686274,0.7407407407407407,0.4282883368474453,0.20796010063889717,0.30133945089913416,0.1273862035540433,0.15679980979553018,0.04258670518164139,1.0,0.5,2.7755575615628914e-17,0.5
0.0,0.0,0.5294117647058824,0.5432098765432098,0.38990789327668485,0.17583351074712442,0.2820247169392437,0.11453475823763472,0.46790299572039956,0.2428993634852783,1.0,2.7755575615628914e-17,2.7755575615628914e-17,2.7755575615628914e-17
0.0,0.1842105263157895,0.4019607843137255,0.48765432098765427,0.46609806750265537,0.24216722419569486,0.21475616073410794,0.0753619936523951,0.4041844983357109,0.1874639969380922,1.0,0.5,2.7755575615628914e-17,2.7755575615628914e-17
0.0,0.02894736842105263,0.8235294117647058,0.7901234567901234,0.43556492652071216,0.2143263138791904,0.1801228446680974,0.057893582891052925,0.22848311935330484,0.07840079890781604,1.0,0.5,2.7755575615628914e-17,0.5
0.0,0.05818713450292397,0.4580610021786493,0.47325102880658443,0.16228855879135687,0.03990780207857196,0.27632650040701556,0.11095518321925324,0.6416230781423364,0.44207444934259793,0.3333333333333333,0.0,4.163336342344337e-17,0.11111111111111113
0.0,0.0,0.7745098039215687,0.6604938271604938,0.42671887632968186,0.20658130753645235,0.42721823429290307,0.22491254600051472,0.07964812173086067,0.01465941486582391,1.0,1.0,2.7755575615628914e-17,0.5
0.0,0.07611336032388662,0.690422322775264,0.6747388414055081,0.10468313848202562,0.020284721733333993,0.12868519772982148,0.035866994605608625,0.28554446029481695,0.10588644825847864,0.4230769230769231,0.03846153846153846,0.15384615384615385,0.15384615384615388
0.0,0.006140350877192978,0.6895424836601307,0.6831275720164609,0.17684173813789061,0.04582066898680899,0.09753570635684158,0.02561463673057396,0.22317324457124743,0.07379475695289497,0.5,0.16666666666666669,2.0816681711721685e-17,0.16666666666666669
0.0,0.017105263157894728,0.6519607843137255,0.6635802469135802,0.3271294725661472,0.12903029427138157,0.14382446532968257,0.04260176248904663,0.2605801236329054,0.09020653369110083,0.75,0.24999999999999997,2.7755575615628914e-17,2.7755575615628914e-17
0.0,0.048582995951417005,0.5942684766214178,0.5764482431149098,0.14963775582999098,0.035071928794305096,0.2353004798797739,0.08644281217589965,0.4400307253374301,0.22561217210521078,0.4615384615384615,0.15384615384615385,0.07692307692307694,0.15384615384615385
0.0,0.3105263157894737,0.8480392156862745,0.8209876543209876,0.27804816182881786,0.09738860058836937,0.17279656626951825,0.05459700654813017,0.20209224916785545,0.05892680785690774,1.0,2.7755575615628914e-17,0.5,1.0
0.0,0.0368421052631579,0.8431372549019608,0.8641975308641975,0.2238304348515354,0.06745206541194586,0.3859246651372752,0.18997718994853185,0.3295292439372326,0.12985746312438431,0.0,2.7755575615628914e-17,2.7755575615628914e-17,2.7755575615628914e-17
0.0,0.1263157894736842,0.5686274509803921,0.654320987654321,0.6067788011858146,0.3920800774290627,0.37393620957596385,0.1803622366762864,0.265810746552544,0.08944126108751266,1.0,1.0,2.7755575615628914e-17,2.7755575615628914e-17
0.0,0.0,0.18627450980392157,0.07407407407407407,0.3488165633570603,0.14439694010150905,0.37393620957596385,0.1803622366762864,0.3723252496433666,0.16112227176229918,0.0,2.7755575615628914e-17,2.7755575615628914e-17,1.0
0.0,0.028618421052631574,0.4113562091503267,0.4236111111111111,0.12499009178966058,0.026512052870951278,0.20720787389920817,0.0712893284504935,0.5284514186083374,0.3077727685968906,0.14583333333333356,0.04166666666666665,2.0816681711721685e-17,0.10416666666666677
0.0,0.04802631578947368,0.7144607843137255,0.7222222222222222,0.1356552893990076,0.030084655172912003,0.1871161104121957,0.061395691499854715,0.3031383737517832,0.11674800625541387,0.25,0.12500000000000003,2.0816681711721685e-17,2.7755575615628914e-17
0.0,0.1894736842105263,0.47058823529411764,0.5802469135802468,0.43556492652071216,0.2143263138791904,0.7469103825945386,0.5906940330836524,0.3723252496433666,0.16112227176229918,1.0,2.7755575615628914e-17,1.0,2.7755575615628914e-17
0.0,0.0,0.4215686274509804,0.41975308641975306,0.39504430951663794,0.17997670306962962,0.4392066898542144,0.23558263817780767,0.3509272467902996,0.145076068505487,1.0,2.7755575615628914e-17,2.7755575615628914e-17,2.7755575615628914e-17
0.0,0.34210526315789475,0.7745098039215687,0.8271604938271604,0.263209626024509,0.08866208051168754,0.465847702212684,0.2601439271341914,0.4146457441749881,0.19529511629384916,0.0,2.7755575615628914e-17,2.7755575615628914e-17,2.7755575615628914e-17
0.0,0.0824561403508772,0.5326797385620915,0.5308641975308641,0.21660140458789776,0.06386944504735512,0.3304225560571302,0.14749759072545934,0.6806149944523697,0.49485516798772405,0.6666666666666666,2.7755575615628914e-17,3.469446951953614e-17,2.7755575615628914e-17
0.0,0.029385964912280692,0.4861111111111111,0.5010288065843622,0.16067153886396424,0.039280076745319276,0.30722267446162954,0.13123098806186864,0.7170708511650025,0.5390488604930863,0.3333333333333333,1.3877787807814457e-17,0.08333333333333336,0.08333333333333336
0.0,0.007894736842105262,0.7794117647058824,0.7222222222222222,0.42101174717417844,0.20165835463892867,0.08821135203137723,0.02234126367375757,0.15953399904897764,0.04856558897075637,1.0,0.5,0.5,0.5
0.0,0.07719298245614034,0.7794117647058824,0.8004115226337448,0.19015837283406525,0.051534810742863243,0.2835787759934878,0.11559893421200786,0.27643049611665876,0.12062821422156451,0.6666666666666666,0.16666666666666669,0.5000000000000001,0.33333333333333337
0.0,0.09047619047619049,0.43323996265172743,0.4456202233980012,0.1338208550275958,0.029452645977585786,0.20565381484496412,0.07051146009137721,0.5068949120304327,0.28760780630017724,0.3333333333333333,0.04761904761904763,0.047619047619047644,0.09523809523809527
0.0,0.01000000000000002,0.6816993464052289,0.6271604938271605,0.07584457584933182,0.012710323659326605,0.04713979131206991,0.010155630546043364,0.11837058170867015,0.027573490521075363,0.5,0.19999999999999998,0.06666666666666671,0.1666666666666667
0.0,0.0,0.5049019607843137,0.4012345679012346,0.38106184308565455,0.16881522602259225,0.39325094353585444,0.19601419650317523,0.17522586780789348,0.044845281087999,1.0,2.7755575615628914e-17,2.7755575615628914e-17,0.5
0.0,0.014342105263157918,0.48431372549019613,0.44351851851851853,0.07929738898841135,0.01352397349045216,0.1613076296899282,0.04929548310177947,0.33578221588207324,0.1418413664478743,0.25000000000000017,0.125,0.02500000000000001,0.15000000000000008
0.0,0.00197368421052631,0.5453431372549019,0.5324074074074074,0.13280172482125588,0.029117646568041288,0.27619699548582854,0.11090680233234547,0.43200190204469807,0.257274942931507,0.0,2.7755575615628914e-17,2.0816681711721685e-17,2.7755575615628914e-17
0.0,0.01564327485380118,0.4193899782135077,0.3645404663923183,0.0,0.0,0.0,0.0,0.06020499815078988,0.013516648646829799,0.4166666666666667,0.25,6.938893903907228e-18,0.3055555555555556
0.0,0.35789473684210527,0.803921568627451,0.8518518518518519,0.31571521425514043,0.12128250411599313,0.3086657292977134,0.13217902548315147,0.14883499762244412,0.03434653791287173,0.0,2.7755575615628914e-17,2.7755575615628914e-17,2.7755575615628914e-17
0.0,0.04456140350877193,0.6633986928104576,0.6551440329218107,0.11569936111859735,0.023577380773353734,0.06383482572337754,0.014727899134582568,0.18145506419400856,0.04964780772047327,0.19999999999999998,0.19999999999999998,3.469446951953614e-17,0.06666666666666672
0.0,0.012083780880773382,0.3269307723089237,0.29339884101788827,0.04387533481662615,0.006047404729649692,0.08043652597574219,0.019095216162469668,0.23165157646510814,0.07416357076459565,0.4081632653061226,0.030612244897959343,4.163336342344337e-17,0.18367346938775522
0.0,0.08684210526315787,0.7254901960784313,0.7592592592592592,0.2238304348515354,0.06745206541194586,0.2880189447198994,0.11843217756815395,0.2765097479790775,0.09941156769311281,1.0,0.5,0.5,0.5
0.0,0.04035087719298244,0.6189542483660131,0.5703703703703704,0.13084227714453306,0.02845653501851134,0.09749130466957748,0.02491751231789186,0.2041527975907434,0.06633703068644373,0.39999999999999997,0.19999999999999998,3.469446951953614e-17,0.06666666666666672
0.0,0.04343770819453699,0.6859022089848597,0.6680731364275667,0.06864709132068875,0.01103444284978089,0.1167492719153708,0.0313340133316632,0.24955307968724605,0.08609587483030526,0.27848101265822817,0.13924050632911392,0.03797468354430382,0.08860759493670894
0.0,0.22024291497975707,0.6915535444947211,0.6837606837606838,0.1484524290053864,0.03465016427202687,0.18078886997705915,0.058431354274229116,0.3640220929807235,0.16482131203013092,0.15384615384615383,0.07692307692307693,0.07692307692307694,8.326672684688674e-17
0.0,0.01698113207547172,0.7522197558268588,0.7138364779874209,0.022982561250686893,0.002704331773667459,0.02637153042004281,0.004965661448442503,0.09434410859598599,0.019713730328390806,0.3396226415094342,0.2075471698113208,0.009433962264151052,0.13207547169811326
0.0,0.0736842105263158,0.47058823529411764,0.4773662551440329,0.21869401861158236,0.06489125080650186,0.38192851328350474,0.18677220552445006,0.8189887462355366,0.693661683301384,0.3333333333333333,2.7755575615628914e-17,3.469446951953614e-17,2.7755575615628914e-17
0.0,0.13258145363408524,0.5028011204481793,0.5614344503233392,0.1467026608357321,0.034002693565490905,0.22430252349589289,0.08044079172124431,0.6107827819668049,0.3986316814917617,0.42857142857142855,0.04761904761904762,0.04761904761904764,0.047619047619047714
0.0,0.3561403508771929,0.5392156862745098,0.5720164609053497,0.18901694700296456,0.051024933478476864,0.35706356841559983,0.1674475318745984,0.07433824694880325,0.019575788995373163,1.0,2.7755575615628914e-17,0.6666666666666666,0.6666666666666666
0.0,0.024561403508771926,0.4068627450980392,0.43621399176954734,0.19757764073621972,0.05486747403474043,0.36150373714201145,0.17077903526923915,0.7356950388334128,0.5718030728470723,0.6666666666666666,2.7755575615628914e-17,2.0816681711721685e-17,0.16666666666666669
0.0,0.060526315789473685,0.8382352941176471,0.8333333333333333,0.3043009559441336,0.11376914028905824,0.2880189447198994,0.11875458112247404,0.3083689966714218,0.13286654769691772,0.0,2.7755575615628914e-17,2.7755575615628914e-17,2.7755575615628914e-17
0.0,0.008771929824561405,0.7745098039215687,0.6337448559670782,0.3364511168534695,0.1355394343138038,0.23096277658551026,0.0845409693909577,0.25519099698842923,0.09758039670614684,1.0,0.33333333333333337,3.469446951953614e-17,0.33333333333333337
0.0,0.9999999999999999,0.38235294117647056,0.5061728395061729,0.6067788011858146,0.3920800774290627,0.29401317250055503,0.12232959689867322,0.7869709938183549,0.6354613224687103,1.0,2.7755575615628914e-17,2.7755575615628914e-17,2.7755575615628914e-17
0.0,0.04511278195488723,0.3788515406162464,0.3865373309817754,0.10461937751527,0.020264675813475783,0.18329439375839138,0.05942883791162469,0.5063967574666578,0.2839862457806496,0.19047619047619074,0.023809523809523794,0.0,0.14285714285714293
0.0,0.043012704174228665,0.5402298850574713,0.5151128139633887,0.12556941459833348,0.026699746133997372,0.23094746565886745,0.08400041283601074,0.45104694443078036,0.24394349676090735,0.27586206896551724,0.03448275862068964,0.03448275862068968,0.10344827586206903
0.0,0.0,0.8431372549019608,0.8765432098765431,0.263209626024509,0.08866208051168754,0.2287426922223045,0.08276335343009296,0.0851165002377556,0.014740846409890639,1.0,2.7755575615628914e-17,1.0,1.0
0.0,0.04433198380566803,0.7007918552036198,0.6761633428300092,0.049060579712619186,0.006995972272036346,0.07644063551338023,0.01790583341196668,0.18301236329053733,0.052613354069022115,0.19230769230769262,0.08653846153846172,0.02884615384615391,0.09615384615384596
0.0,0.5736842105263158,0.5098039215686274,0.4074074074074074,0.21869401861158236,0.06489125080650186,0.4392066898542144,0.23558263817780767,0.5211602472658109,0.2956302219127075,1.0,1.0,2.7755575615628914e-17,2.7755575615628914e-17
0.0,0.005263157894736839,0.7647058823529411,0.7777777777777777,0.4241506682097053,0.20435147360349365,0.5471027899060165,0.34229674918705044,0.24441274369947696,0.07751465614534335,1.0,2.7755575615628914e-17,2.7755575615628914e-17,1.0
0.0,0.0,0.23529411764705882,0.345679012345679,0.4064585678276448,0.18935375620776992,0.6390142825427366,0.448368984029056,0.20209224916785545,0.056363502238907695,1.0,2.7755575615628914e-17,2.7755575615628914e-17,1.0
0.0,0.09721362229102169,0.5934256055363322,0.5649963689179376,0.15490845746183826,0.03705236586452634,0.27552117568702916,0.11049583478026617,0.4316802327207631,0.21838478449826118,0.2941176470588235,0.0,0.11764705882352944,0.05882352941176476
0.0,0.0031578947368421004,0.7058823529411764,0.6814814814814815,0.16744399879516164,0.04194554317089039,0.18904758380818473,0.06263921666357425,0.37422729434141705,0.1704998343782523,0.19999999999999998,0.2,0.20000000000000004,0.20000000000000004
0.0,0.028554143980641274,0.6036736533693938,0.5652050517950902,0.06403081849743975,0.010017614940836478,0.09976344618336883,0.025345301744586456,0.24078355496526582,0.0790601115024133,0.3218390804597704,0.09195402298850577,0.022988505747126527,0.14942528735632196
0.0,0.1309941520467836,0.6514161220043573,0.5994513031550068,0.16105201414099782,0.03940881587069499,0.23229482720343378,0.08483455202148249,0.4241559676652401,0.23156833384839667,0.5555555555555556,2.7755575615628914e-17,0.22222222222222224,0.22222222222222224
0.0,0.028527841342486655,0.743535095197499,0.6954732510288064,0.0565619233852375,0.008461368115061074,0.09594303713975921,0.0240583174649818,0.21377328454175193,0.06515581974007899,0.202898550724638,0.028985507246376954,0.028985507246376864,0.08695652173913056
0.0,0.0,0.7843137254901961,0.6296296296296295,0.39504430951663794,0.17997670306962962,0.10885813660919119,0.028423699820146052,0.17023300047551118,0.04257653901020522,0.0,2.7755575615628914e-17,2.7755575615628914e-17,2.7755575615628914e-17
0.0,0.01578947368421052,0.7777777777777777,0.7777777777777777,0.11197070340366844,0.02242873083498629,0.258047805816621,0.09980091580520736,0.1382152480583294,0.055379716550111605,0.3333333333333333,2.7755575615628914e-17,0.33333333333333337,2.7755575615628914e-17
1.0,0.0,0.38235294117647056,0.3950617283950617,0.1445013395900379,0.0331968111995876,0.2673721601420854,0.10533013676179662,0.6381359961959107,0.4294460550248371,0.0,2.7755575615628914e-17,2.7755575615628914e-17,2.7755575615628914e-17
1.0,0.005263157894736842,0.5686274509803921,0.4444444444444444,0.241522535233596,0.07663600986202261,0.40057722193443346,0.20205120305781862,0.8720874940561105,0.7712746294660402,0.0,2.7755575615628914e-17,2.7755575615628914e-17,2.7755575615628914e-17
1.0,0.0,0.7549019607843137,0.7654320987654321,0.08058149304839965,0.013833196469327857,0.08221712425072156,0.019572256783358583,0.3295292439372326,0.12985746312438431,0.0,2.7755575615628914e-17,2.7755575615628914e-17,2.7755575615628914e-17
1.0,0.5157894736842105,0.8137254901960784,0.8518518518518519,0.13822349751898416,0.03096946804636871,0.21275808480722266,0.07414638570553825,0.3086067522586781,0.1157772645989798,0.0,2.7755575615628914e-17,2.7755575615628914e-17,2.7755575615628914e-17
1.0,0.005263157894736842,0.7058823529411764,0.6666666666666666,0.13822349751898416,0.03096946804636871,0.21275808480722266,0.07414638570553825,0.4146457441749881,0.19529511629384916,0.0,2.7755575615628914e-17,2.7755575615628914e-17,2.7755575615628914e-17
1.0,0.0,0.7647058823529411,0.7160493827160493,0.11539498089697048,0.02346782553585646,0.20076962924591138,0.06796063387469721,0.43604374702805515,0.21380572211388524,0.0,2.7755575615628914e-17,2.7755575615628914e-17,2.7755575615628914e-17
1.0,0.1368421052631579,0.7843137254901961,0.7901234567901234,0.07544507680844656,0.012596304553825037,0.1208465921705025,0.03278933703978013,0.31906799809795533,0.1227184608069059,0.0,2.7755575615628914e-17,2.7755575615628914e-17,2.7755575615628914e-17
1.0,0.0,0.8627450980392157,0.728395061728395,0.1330870812790311,0.0291998422994553,0.21275808480722266,0.07414638570553825,0.20209224916785545,0.056363502238907695,0.0,2.7755575615628914e-17,2.7755575615628914e-17,2.7755575615628914e-17
1.0,0.0,0.29411764705882354,0.24691358024691357,0.08058149304839965,0.013833196469327857,0.13549914896766083,0.038447519418097424,0.3827864954826439,0.16926828700113472,0.0,2.7755575615628914e-17,2.7755575615628914e-17,2.7755575615628914e-17
1.0,0.0,0.3431372549019608,0.2716049382716049,0.13822349751898416,0.03096946804636871,0.21275808480722266,0.07414638570553825,0.669995244888255,0.47017715294478746,0.0,2.7755575615628914e-17,2.7755575615628914e-17,2.7755575615628914e-17
1.0,0.0,0.4215686274509804,0.4444444444444444,0.09884430634601057,0.01861549356977942,0.15947606009028345,0.048471339016048776,0.36138849262957684,0.15281748033842013,0.0,2.7755575615628914e-17,2.7755575615628914e-17,2.7755575615628914e-17
1.0,0.0,0.5196078431372549,0.5308641975308641,0.29802311387307984,0.10973671440674733,0.5204617775475467,0.3141597117191168,1.0,0.9999999999999999,0.0,2.7755575615628914e-17,2.7755575615628914e-17,2.7755575615628914e-17
1.0,0.11052631578947368,0.5686274509803921,0.5061728395061729,0.18445124367856183,0.04903230968662206,0.32065418485902464,0.14050143359671372,0.669995244888255,0.47017715294478746,0.0,2.7755575615628914e-17,2.7755575615628914e-17,2.7755575615628914e-17
1.0,0.0,0.7549019607843137,0.8765432098765431,0.11539498089697048,0.02346782553585646,0.10885813660919119,0.028423699820146052,0.34046600095102236,0.13753246278210615,0.0,2.7755575615628914e-17,2.7755575615628914e-17,2.7755575615628914e-17
1.0,0.1526315789473684,0.8725490196078431,0.8641975308641975,0.16105201414099782,0.03940881587069499,0.32065418485902464,0.14050143359671372,0.265810746552544,0.08944126108751266,0.0,2.7755575615628914e-17,2.7755575615628914e-17,2.7755575615628914e-17
1.0,0.0,0.6078431372549019,0.4567901234567901,0.23524469316254223,0.07331272362328356,0.40057722193443346,0.20205120305781862,0.6276747503566336,0.416471772475566,0.0,2.7755575615628914e-17,2.7755575615628914e-17,2.7755575615628914e-17
1.0,0.0,0.5980392156862745,0.48148148148148145,0.25179536771350214,0.08222707779563876,0.4818323096277659,0.2754434412573804,0.8402282453637662,0.7189060749975326,0.0,2.7755575615628914e-17,2.7755575615628914e-17,2.7755575615628914e-17
1.0,0.03157894736842105,0.4215686274509804,0.48148148148148145,0.09884430634601057,0.01861549356977942,0.18611707244875306,0.060722674080211564,0.31906799809795533,0.1227184608069059,0.0,2.7755575615628914e-17,2.7755575615628914e-17,2.7755575615628914e-17
1.0,0.0,0.46078431372549017,0.41975308641975306,0.036065885635473006,0.004690569659641054,0.06756456745356326,0.015203688622321588,0.09557774607703282,0.01745618482283582,0.0,2.7755575615628914e-17,2.7755575615628914e-17,2.7755575615628914e-17
1.0,0.0,0.0,0.09876543209876543,0.17760268869195772,0.046113701897375875,0.3086657292977134,0.13217902548315147,0.5530194959581551,0.32962528615984577,0.0,2.7755575615628914e-17,2.7755575615628914e-17,2.7755575615628914e-17
1.0,0.005263157894736842,0.3137254901960784,0.2716049382716049,0.05261656018643291,0.007673351656301373,0.0942055798120329,0.02341032455046891,0.265810746552544,0.08944126108751266,0.0,2.7755575615628914e-17,2.7755575615628914e-17,2.7755575615628914e-17
1.0,0.0,0.3137254901960784,0.2345679012345679,0.06916723473739281,0.011149015008535192,0.1208465921705025,0.03278933703978013,0.3295292439372326,0.12985746312438431,0.0,2.7755575615628914e-17,2.7755575615628914e-17,2.7755575615628914e-17
1.0,0.047368421052631574,0.37254901960784315,0.4567901234567901,0.08058149304839965,0.013833196469327857,0.13549914896766083,0.038447519418097424,0.3827864954826439,0.16926828700113472,0.0,2.7755575615628914e-17,2.7755575615628914e-17,2.7755575615628914e-17
1.0,0.0,0.45098039215686275,0.4567901234567901,0.12680923920797732,0.027101433626885833,0.2287426922223045,0.08276335343009296,0.4465049928673324,0.22315655638363024,0.0,2.7755575615628914e-17,2.7755575615628914e-17,2.7755575615628914e-17
1.0,0.0,0.5882352941176471,0.5432098765432098,0.16618843038095088,0.041436896644728397,0.2820247169392437,0.11453475823763472,0.7127912505943891,0.5277779650941694,0.0,2.7755575615628914e-17,2.7755575615628914e-17,2.7755575615628914e-17
1.0,0.08421052631578947,0.6274509803921569,0.7901234567901234,0.14963775582999098,0.035071928794305096,0.2287426922223045,0.08276335343009296,0.5958155016642892,0.3781776948681372,0.0,2.7755575615628914e-17,2.7755575615628914e-17,2.7755575615628914e-17
1.0,0.3052631578947368,0.8627450980392157,0.9012345679012346,0.06403081849743975,0.010017614940836451,0.0942055798120329,0.02341032455046891,0.21255349500713266,0.06129067260411949,0.0,2.7755575615628914e-17,2.7755575615628914e-17,2.7755575615628914e-17
1.0,0.0,0.7941176470588235,0.7160493827160493,0.2010019182295217,0.056434027974631,0.1208465921705025,0.03278933703978013,0.265810746552544,0.08944126108751266,0.0,2.7755575615628914e-17,2.7755575615628914e-17,2.7755575615628914e-17
1.0,0.10526315789473684,0.803921568627451,0.7654320987654321,0.12167282296802426,0.025437299727776495,0.18611707244875306,0.060722674080211564,0.46790299572039956,0.2428993634852783,0.0,2.7755575615628914e-17,2.7755575615628914e-17,2.7755575615628914e-17
1.0,0.431578947368421,0.8823529411764706,0.7654320987654321,0.16618843038095088,0.041436896644728397,0.2673721601420854,0.10533013676179662,0.4465049928673324,0.22315655638363024,0.0,2.7755575615628914e-17,2.7755575615628914e-17,2.7755575615628914e-17
1.0,0.005263157894736842,0.7352941176470588,0.8641975308641975,0.02978804356441924,0.00368810407259174,0.05557611189225192,0.011893190307735018,0.17023300047551118,0.04257653901020522,0.0,2.7755575615628914e-17,2.7755575615628914e-17,2.7755575615628914e-17
1.0,0.0,0.7254901960784313,0.7530864197530864,0.08058149304839965,0.013833196469327857,0.0942055798120329,0.02341032455046891,0.1806942463147884,0.046901299859962275,0.0,2.7755575615628914e-17,2.7755575615628914e-17,2.7755575615628914e-17
1.0,0.005263157894736842,0.7549019607843137,0.7654320987654321,0.12680923920797732,0.027101433626885833,0.18611707244875306,0.060722674080211564,0.4146457441749881,0.19529511629384916,0.0,2.7755575615628914e-17,2.7755575615628914e-17,2.7755575615628914e-17
1.0,0.24736842105263154,0.6274509803921569,0.7901234567901234,0.17246627245200466,0.04398012927553839,0.23939909716569233,0.08874247389202884,0.7127912505943891,0.5277779650941694,0.0,2.7755575615628914e-17,2.7755575615628914e-17,2.7755575615628914e-17
1.0,0.0,0.3431372549019608,0.35802469135802467,0.06916723473739281,0.011149015008535192,0.10885813660919119,0.028423699820146052,0.3723252496433666,0.16112227176229918,0.0,2.7755575615628914e-17,2.7755575615628914e-17,2.7755575615628914e-17
1.0,0.0,0.3235294117647059,0.4444444444444444,0.024651627324466165,0.0029206508798170694,0.028935099533782316,0.005386500393275357,0.11697574893009988,0.023626386762847854,0.0,2.7755575615628914e-17,2.7755575615628914e-17,2.7755575615628914e-17
1.0,0.0,0.3333333333333333,0.4567901234567901,0.16618843038095088,0.041436896644728397,0.29401317250055503,0.12232959689867322,0.6595339990489778,0.45660046088006156,0.0,2.7755575615628914e-17,2.7755575615628914e-17,2.7755575615628914e-17
1.0,0.2263157894736842,0.5882352941176471,0.5185185185185185,0.241522535233596,0.07663600986202261,0.4392066898542144,0.23558263817780767,0.8934854969091776,0.807477438762355,0.0,2.7755575615628914e-17,2.7755575615628914e-17,2.7755575615628914e-17
1.0,0.0,0.6666666666666666,0.48148148148148145,0.07544507680844656,0.012596304553825037,0.08221712425072156,0.019572256783358583,0.053257251545411326,0.007689916854000096,0.0,2.7755575615628914e-17,2.7755575615628914e-17,2.7755575615628914e-17
1.0,0.10526315789473684,0.8529411764705882,0.7407407407407407,0.09199575135940646,0.01675180425857403,0.15947606009028345,0.048471339016048776,0.4664764621968616,0.2415574288557019,0.0,2.7755575615628914e-17,2.7755575615628914e-17,2.7755575615628914e-17
1.0,0.2526315789473684,0.8823529411764706,0.9012345679012346,0.17246627245200466,0.04398012927553839,0.2820247169392437,0.11453475823763472,0.1806942463147884,0.046901299859962275,0.0,2.7755575615628914e-17,2.7755575615628914e-17,2.7755575615628914e-17
1.0,0.005263157894736842,0.696078431372549,0.6419753086419753,0.11539498089697048,0.02346782553585646,0.13549914896766083,0.038447519418097424,0.45744174988112224,0.23314392580963084,0.0,2.7755575615628914e-17,2.7755575615628914e-17,2.7755575615628914e-17
1.0,0.26842105263157895,0.8627450980392157,0.8148148148148148,0.2238304348515354,0.06745206541194586,0.32065418485902464,0.14050143359671372,0.2976699952448883,0.10873205670741513,0.0,2.7755575615628914e-17,2.7755575615628914e-17,2.7755575615628914e-17
1.0,0.03157894736842105,0.7156862745098039,0.728395061728395,0.09199575135940646,0.01675180425857403,0.15947606009028345,0.048471339016048776,0.2872087494056111,0.10219546390539147,0.0,2.7755575615628914e-17,2.7755575615628914e-17,2.7755575615628914e-17
1.0,0.005263157894736842,0.7647058823529411,0.8271604938271604,0.09199575135940646,0.01675180425857403,0.15947606009028345,0.048471339016048776,0.4041844983357109,0.18654669153955886,0.0,2.7755575615628914e-17,2.7755575615628914e-17,2.7755575615628914e-17
1.0,0.29999999999999993,0.8137254901960784,0.9135802469135802,0.1445013395900379,0.0331968111995876,0.2673721601420854,0.10533013676179662,0.425582501188778,0.20465269395369257,0.0,2.7755575615628914e-17,2.7755575615628914e-17,2.7755575615628914e-17
1.0,0.07894736842105263,0.6666666666666666,0.7901234567901234,0.04748014394647985,0.006694914767918546,0.06756456745356326,0.015203688622321588,0.21255349500713266,0.06129067260411949,0.0,2.7755575615628914e-17,2.7755575615628914e-17,2.7755575615628914e-17
1.0,0.0,0.7549019607843137,0.8888888888888888,0.05261656018643291,0.007673351656301373,0.05557611189225192,0.011893190307735018,0.23395149786019975,0.07198507626467684,0.0,2.7755575615628914e-17,2.7755575615628914e-17,2.7755575615628914e-17
1.0,0.0,0.8823529411764706,0.8518518518518519,0.12680923920797732,0.027101433626885833,0.21275808480722266,0.07414638570553825,0.43604374702805515,0.21380572211388524,0.0,2.7755575615628914e-17,2.7755575615628914e-17,2.7755575615628914e-17
1.0,0.042105263157894736,0.3333333333333333,0.38271604938271603,0.1330870812790311,0.0291998422994553,0.20076962924591138,0.06796063387469721,0.5425582501188778,0.3182604260473864,0.0,2.7755575615628914e-17,2.7755575615628914e-17,2.7755575615628914e-17
1.0,0.042105263157894736,0.6764705882352942,0.4691358024691358,0.25807320978455595,0.08573731903131947,0.4125656774957448,0.2121937257825878,0.7869709938183549,0.6354613224687103,0.0,2.7755575615628914e-17,2.7755575615628914e-17,2.7755575615628914e-17
1.0,0.0,0.7647058823529411,0.7160493827160493,0.14963775582999098,0.035071928794305096,0.2287426922223045,0.08276335343009296,0.4893009985734665,0.2634697684626358,0.0,2.7755575615628914e-17,2.7755575615628914e-17,2.7755575615628914e-17
1.0,0.0368421052631579,0.696078431372549,0.5308641975308641,0.11539498089697048,0.02346782553585646,0.18611707244875306,0.060722674080211564,0.22349025202092254,0.06665330249356263,0.0,2.7755575615628914e-17,2.7755575615628914e-17,2.7755575615628914e-17
1.0,0.0,0.46078431372549017,0.41975308641975306,0.08743004803500376,0.015556229983461144,0.15947606009028345,0.048471339016048776,0.3509272467902996,0.145076068505487,0.0,2.7755575615628914e-17,2.7755575615628914e-17,2.7755575615628914e-17
1.0,0.0,0.39215686274509803,0.4074074074074074,0.15477417206994407,0.03699451772053443,0.15947606009028345,0.048471339016048776,0.23395149786019975,0.07198507626467684,1.0,2.7755575615628914e-17,2.7755575615628914e-17,2.7755575615628914e-17
1.0,0.010526315789473684,0.27450980392156865,0.3950617283950617,0.08058149304839965,0.013833196469327857,0.17412861688744177,0.055064491701894286,0.4041844983357109,0.18654669153955886,1.0,2.7755575615628914e-17,2.7755575615628914e-17,2.7755575615628914e-17
1.0,0.0,0.24509803921568626,0.16049382716049382,0.06916723473739281,0.011149015008535192,0.10885813660919119,0.028423699820146052,0.34046600095102236,0.13753246278210615,1.0,2.7755575615628914e-17,2.7755575615628914e-17,1.0
1.0,0.0,0.20588235294117646,0.1728395061728395,0.07544507680844656,0.012596304553825037,0.1208465921705025,0.03278933703978013,0.31906799809795533,0.1227184608069059,0.0,2.7755575615628914e-17,2.7755575615628914e-17,1.0
1.0,0.0,0.3333333333333333,0.3333333333333333,0.10398072258596366,0.0200686437732806,0.20076962924591138,0.06796063387469721,0.43604374702805515,0.21380572211388524,1.0,2.7755575615628914e-17,2.7755575615628914e-17,2.7755575615628914e-17
1.0,0.12105263157894737,0.37254901960784315,0.5061728395061729,0.11025856465701742,0.021909183484551203,0.21275808480722266,0.07414638570553825,0.34046600095102236,0.13753246278210615,1.0,2.7755575615628914e-17,2.7755575615628914e-17,2.7755575615628914e-17
1.0,0.1526315789473684,0.46078431372549017,0.5802469135802468,0.06403081849743975,0.010017614940836451,0.10885813660919119,0.028423699820146052,0.23395149786019975,0.07198507626467684,1.0,2.7755575615628914e-17,2.7755575615628914e-17,2.7755575615628914e-17
1.0,0.0,0.4411764705882353,0.3333333333333333,0.08743004803500376,0.015556229983461144,0.13549914896766083,0.038447519418097424,0.20209224916785545,0.056363502238907695,0.0,2.7755575615628914e-17,2.7755575615628914e-17,2.7755575615628914e-17
1.0,0.0,0.4117647058823529,0.3950617283950617,0.07544507680844656,0.012596304553825037,0.13549914896766083,0.038447519418097424,0.22349025202092254,0.06665330249356263,0.0,2.7755575615628914e-17,2.7755575615628914e-17,2.7755575615628914e-17
1.0,0.0,0.46078431372549017,0.5308641975308641,0.21241617654052855,0.06182583352906168,0.3619477540146526,0.17098468965767663,0.9253447456015217,0.8629128053095411,0.0,2.7755575615628914e-17,2.7755575615628914e-17,2.7755575615628914e-17
1.0,0.4263157894736842,0.6176470588235294,0.6790123456790123,0.28147243932211996,0.0994456916205489,0.465847702212684,0.2601439271341914,0.7655729909652877,0.6033781114870381,1.0,2.7755575615628914e-17,1.0,2.7755575615628914e-17
1.0,0.02631578947368421,0.6470588235294118,0.5679012345679012,0.024651627324466165,0.0029206508798170694,0.05557611189225192,0.011893190307735018,0.053257251545411326,0.007689916854000096,0.0,2.7755575615628914e-17,2.7755575615628914e-17,2.7755575615628914e-17
1.0,0.0,0.6666666666666666,0.49382716049382713,0.036065885635473006,0.004690569659641054,0.05557611189225192,0.011893190307735018,0.04232049453162149,0.005692442968799973,1.0,1.0,2.7755575615628914e-17,2.7755575615628914e-17
1.0,0.0,0.6078431372549019,0.5308641975308641,0.08058149304839965,0.013833196469327857,0.13549914896766083,0.038447519418097424,0.3723252496433666,0.16112227176229918,0.0,2.7755575615628914e-17,2.7755575615628914e-17,2.7755575615628914e-17
1.0,0.0,0.7843137254901961,0.7901234567901234,0.29802311387307984,0.10973671440674733,0.2820247169392437,0.11453475823763472,0.36138849262957684,0.15281748033842013,1.0,1.0,2.7755575615628914e-17,2.7755575615628914e-17
1.0,0.05263157894736842,0.8823529411764706,0.8888888888888888,0.16618843038095088,0.041436896644728397,0.32065418485902464,0.14050143359671372,0.2553495007132668,0.08350707780094371,1.0,2.7755575615628914e-17,1.0,1.0
1.0,0.0368421052631579,0.8431372549019608,0.8765432098765431,0.08058149304839965,0.013833196469327857,0.1208465921705025,0.03278933703978013,0.1806942463147884,0.046901299859962275,1.0,2.7755575615628914e-17,1.0,1.0
1.0,0.09999999999999999,0.9117647058823529,1.0,0.1445013395900379,0.0331968111995876,0.21275808480722266,0.07414638570553825,0.4997622444127438,0.2738276156537381,1.0,2.7755575615628914e-17,1.0,1.0
1.0,0.9263157894736842,0.7647058823529411,0.8395061728395061,0.17760268869195772,0.046113701897375875,0.21275808480722266,0.07414638570553825,0.1383737517831669,0.0306241865785694,1.0,1.0,1.0,1.0
1.0,0.7368421052631579,0.803921568627451,0.8888888888888888,0.08743004803500376,0.015556229983461144,0.15947606009028345,0.048471339016048776,0.10651450309082264,0.020506444944000238,1.0,2.7755575615628914e-17,1.0,2.7755575615628914e-17
1.0,0.0,0.46078431372549017,0.37037037037037035,0.04748014394647985,0.006694914767918546,0.0942055798120329,0.02341032455046891,0.22349025202092254,0.06665330249356263,0.0,2.7755575615628914e-17,2.7755575615628914e-17,2.7755575615628914e-17
1.0,0.0,0.4117647058823529,0.43209876543209874,0.11025856465701742,0.021909183484551203,0.20076962924591138,0.06796063387469721,0.4893009985734665,0.2634697684626358,1.0,2.7755575615628914e-17,2.7755575615628914e-17,2.7755575615628914e-17
1.0,0.18421052631578946,0.5784313725490196,0.5432098765432098,0.18901694700296456,0.051024933478476864,0.3619477540146526,0.17098468965767663,0.829766999524489,0.7021105380591829,1.0,2.7755575615628914e-17,2.7755575615628914e-17,2.7755575615628914e-17
1.0,0.37368421052631573,0.7647058823529411,0.654320987654321,0.21241617654052855,0.06182583352906168,0.3859246651372752,0.18997718994853185,0.45744174988112224,0.23314392580963084,1.0,2.7755575615628914e-17,1.0,1.0
1.0,0.0,0.16666666666666666,0.1111111111111111,0.05775297642638597,0.008699259876196035,0.10885813660919119,0.028423699820146052,0.22349025202092254,0.06665330249356263,1.0,2.7755575615628914e-17,2.7755575615628914e-17,2.7755575615628914e-17
1.0,0.0,0.09803921568627451,0.0,0.07544507680844656,0.012596304553825037,0.1208465921705025,0.03278933703978013,0.3509272467902996,0.145076068505487,1.0,2.7755575615628914e-17,2.7755575615628914e-17,1.0
1.0,0.005263157894736842,0.1764705882352941,0.14814814814814814,0.1445013395900379,0.0331968111995876,0.17412861688744177,0.055064491701894286,0.36138849262957684,0.15281748033842013,1.0,1.0,2.7755575615628914e-17,1.0
1.0,0.0,0.1764705882352941,0.14814814814814814,0.25807320978455595,0.08573731903131947,0.465847702212684,0.2601439271341914,0.908226343319068,0.8328985890171428,1.0,1.0,2.7755575615628914e-17,1.0
1.0,0.0,0.4215686274509804,0.5432098765432098,0.09199575135940646,0.01675180425857403,0.15947606009028345,0.048471339016048776,0.43604374702805515,0.21380572211388524,0.0,2.7755575615628914e-17,2.7755575615628914e-17,2.7755575615628914e-17
1.0,0.0,0.49019607843137253,0.5679012345679012,0.10398072258596366,0.0200686437732806,0.17412861688744177,0.055064491701894286,0.4893009985734665,0.2634697684626358,0.0,2.7755575615628914e-17,2.7755575615628914e-17,2.7755575615628914e-17
1.0,0.0,0.4117647058823529,0.5432098765432098,0.12167282296802426,0.025437299727776495,0.15947606009028345,0.048471339016048776,0.5634807417974323,0.34118795238185745,1.0,2.7755575615628914e-17,2.7755575615628914e-17,2.7755575615628914e-17
1.0,0.042105263157894736,0.4019607843137255,0.5308641975308641,0.20727976030057552,0.05937051077142175,0.32065418485902464,0.14050143359671372,0.9786019971469331,0.9596775923890422,1.0,2.7755575615628914e-17,2.7755575615628914e-17,2.7755575615628914e-17
1.0,0.0,0.4215686274509804,0.5555555555555556,0.18901694700296456,0.051024933478476864,0.32065418485902464,0.14050143359671372,0.8616262482168332,0.7538766830122355,0.0,2.7755575615628914e-17,2.7755575615628914e-17,2.7755575615628914e-17
1.0,0.0,0.9901960784313726,0.9753086419753085,0.21241617654052855,0.06182583352906168,0.15947606009028345,0.048471339016048776,0.3295292439372326,0.12985746312438431,1.0,2.7755575615628914e-17,1.0,2.7755575615628914e-17
1.0,0.0,1.0,0.9135802469135802,0.1330870812790311,0.0291998422994553,0.15947606009028345,0.048471339016048776,0.2872087494056111,0.10219546390539147,1.0,2.7755575615628914e-17,2.7755575615628914e-17,1.0
1.0,0.0,0.9019607843137255,0.8024691358024691,0.07544507680844656,0.012596304553825037,0.10885813660919119,0.028423699820146052,0.21255349500713266,0.06129067260411949,1.0,2.7755575615628914e-17,2.7755575615628914e-17,1.0
1.0,0.0,1.0,0.8024691358024691,0.09199575135940646,0.01675180425857403,0.20076962924591138,0.06796063387469721,0.265810746552544,0.08944126108751266,0.0,2.7755575615628914e-17,2.7755575615628914e-17,2.7755575615628914e-17
1.0,0.005263157894736842,0.7058823529411764,0.6172839506172839,0.04748014394647985,0.006694914767918546,0.0942055798120329,0.02341032455046891,0.22349025202092254,0.06665330249356263,0.0,2.7755575615628914e-17,2.7755575615628914e-17,2.7755575615628914e-17
1.0,0.0,0.6078431372549019,0.5061728395061729,0.10398072258596366,0.0200686437732806,0.0942055798120329,0.02341032455046891,0.23395149786019975,0.07198507626467684,0.0,2.7755575615628914e-17,2.7755575615628914e-17,2.7755575615628914e-17
1.0,0.0,0.5588235294117647,0.5061728395061729,0.09199575135940646,0.01675180425857403,0.08221712425072156,0.019572256783358583,0.22349025202092254,0.06665330249356263,0.0,2.7755575615628914e-17,2.7755575615628914e-17,2.7755575615628914e-17
1.0,0.010526315789473684,0.6764705882352942,0.6049382716049383,0.3208516304950935,0.12473999942777182,0.3859246651372752,0.18997718994853185,0.829766999524489,0.7021105380591829,0.0,2.7755575615628914e-17,2.7755575615628914e-17,2.7755575615628914e-17
1.0,0.005263157894736842,0.3137254901960784,0.37037037037037035,0.11025856465701742,0.021909183484551203,0.1208465921705025,0.03278933703978013,0.2553495007132668,0.08350707780094371,1.0,2.7755575615628914e-17,2.7755575615628914e-17,2.7755575615628914e-17
1.0,0.0,0.3627450980392157,0.4074074074074074,0.07544507680844656,0.012596304553825037,0.13549914896766083,0.038447519418097424,0.3295292439372326,0.12985746312438431,1.0,2.7755575615628914e-17,2.7755575615628914e-17,2.7755575615628914e-17
1.0,0.0,0.3627450980392157,0.4444444444444444,0.4064585678276448,0.18935375620776992,0.4125656774957448,0.2121937257825878,0.935805991440799,0.881515570794255,0.0,2.7755575615628914e-17,2.7755575615628914e-17,2.7755575615628914e-17
1.0,0.2631578947368421,0.4803921568627451,0.5185185185185185,0.25179536771350214,0.08222707779563876,0.4125656774957448,0.2121937257825878,0.425582501188778,0.20465269395369257,1.0,2.7755575615628914e-17,2.7755575615628914e-17,2.7755575615628914e-17
1.0,0.0,0.6372549019607843,0.8148148148148148,0.06403081849743975,0.010017614940836451,0.10885813660919119,0.028423699820146052,0.3827864954826439,0.16926828700113472,1.0,2.7755575615628914e-17,2.7755575615628914e-17,2.7755575615628914e-17
1.0,0.0,0.5980392156862745,0.7530864197530864,0.11025856465701742,0.021909183484551203,0.18611707244875306,0.060722674080211564,0.5211602472658109,0.2956302219127075,1.0,2.7755575615628914e-17,2.7755575615628914e-17,2.7755575615628914e-17
1.0,0.0,0.6666666666666666,0.728395061728395,0.09199575135940646,0.01675180425857403,0.15947606009028345,0.048471339016048776,0.4465049928673324,0.22315655638363024,0.0,2.7755575615628914e-17,2.7755575615628914e-17,2.7755575615628914e-17
1.0,0.0,0.6176470588235294,0.7407407407407407,0.08058149304839965,0.013833196469327857,0.15947606009028345,0.048471339016048776,0.5211602472658109,0.2956302219127075,1.0,2.7755575615628914e-17,2.7755575615628914e-17,2.7755575615628914e-17
1.0,0.0,0.7450980392156863,0.8395061728395061,0.44070134276066525,0.21889147359291192,0.335306741656183,0.15099566928983213,0.36138849262957684,0.15281748033842013,0.0,2.7755575615628914e-17,2.7755575615628914e-17,2.7755575615628914e-17
1.0,0.0,0.9215686274509803,0.9135802469135802,0.18901694700296456,0.051024933478476864,0.3619477540146526,0.17098468965767663,0.265810746552544,0.08944126108751266,1.0,1.0,1.0,2.7755575615628914e-17
1.0,0.005263157894736842,0.803921568627451,0.6790123456790123,0.3436801471171072,0.14068098976261037,0.0942055798120329,0.02341032455046891,0.1911554921540656,0.05142386681927163,1.0,1.0,1.0,2.7755575615628914e-17
1.0,0.0,0.7450980392156863,0.6666666666666666,0.05775297642638597,0.008699259876196035,0.0942055798120329,0.02341032455046891,0.11697574893009988,0.023626386762847854,1.0,1.0,2.7755575615628914e-17,1.0
1.0,0.0,0.7647058823529411,0.7530864197530864,0.08743004803500376,0.015556229983461144,0.15947606009028345,0.048471339016048776,0.23395149786019975,0.07198507626467684,1.0,2.7755575615628914e-17,2.7755575615628914e-17,2.7755575615628914e-17
1.0,0.0,0.8137254901960784,0.7654320987654321,0.19586550198956867,0.054084197064795156,0.2673721601420854,0.10533013676179662,0.09557774607703282,0.01745618482283582,1.0,1.0,1.0,2.7755575615628914e-17
1.0,0.0,0.8725490196078431,0.9135802469135802,0.28147243932211996,0.0994456916205489,0.05557611189225192,0.011893190307735018,0.0851165002377556,0.014740846409890642,1.0,1.0,2.7755575615628914e-17,2.7755575615628914e-17
1.0,0.05263157894736842,0.892156862745098,0.9135802469135802,0.12167282296802426,0.025437299727776495,0.15947606009028345,0.048471339016048776,0.10651450309082264,0.020506444944000238,1.0,1.0,1.0,2.7755575615628914e-17
1.0,0.0,0.9117647058823529,0.8518518518518519,0.4178728261386516,0.19896523567436375,0.23939909716569233,0.08874247389202884,0.07417974322396576,0.01211358075853331,1.0,1.0,1.0,1.0
1.0,0.0,0.9901960784313726,0.9259259259259258,0.14963775582999098,0.035071928794305096,0.18611707244875306,0.060722674080211564,0.43604374702805515,0.21380572211388524,1.0,2.7755575615628914e-17,2.7755575615628914e-17,2.7755575615628914e-17
1.0,0.0,0.9411764705882353,0.9259259259259258,0.20727976030057552,0.05937051077142175,0.17412861688744177,0.055064491701894286,0.14883499762244412,0.03434653791287173,1.0,1.0,2.7755575615628914e-17,1.0
1.0,0.0,0.9215686274509803,0.9629629629629629,0.04748014394647985,0.006694914767918546,0.05557611189225192,0.011893190307735018,0.0851165002377556,0.014740846409890642,1.0,1.0,2.7755575615628914e-17,1.0
1.0,0.0736842105263158,0.9313725490196079,0.9506172839506173,0.12167282296802426,0.025437299727776495,0.20076962924591138,0.06796063387469721,0.1911554921540656,0.05142386681927163,1.0,2.7755575615628914e-17,1.0,1.0
1.0,0.0,0.8725490196078431,0.8888888888888888,0.12167282296802426,0.025437299727776495,0.1208465921705025,0.03278933703978013,0.2976699952448883,0.10873205670741513,1.0,1.0,2.7755575615628914e-17,2.7755575615628914e-17
1.0,0.28421052631578947,0.803921568627451,0.8765432098765431,0.3436801471171072,0.14068098976261037,0.465847702212684,0.2601439271341914,0.17023300047551118,0.04257653901020522,1.0,1.0,1.0,1.0
1.0,0.0,0.8725490196078431,0.8271604938271604,0.10398072258596366,0.0200686437732806,0.18611707244875306,0.060722674080211564,0.2553495007132668,0.08350707780094371,0.0,2.7755575615628914e-17,2.7755575615628914e-17,2.7755575615628914e-17
1.0,0.0,0.8627450980392157,0.7901234567901234,0.04120230187542608,0.005563514700219803,0.05557611189225192,0.011893190307735018,0.14883499762244412,0.03434653791287173,1.0,1.0,2.7755575615628914e-17,2.7755575615628914e-17
1.0,0.0,0.8431372549019608,0.8518518518518519,0.04120230187542608,0.005563514700219803,0.028935099533782316,0.005386500393275357,0.07417974322396576,0.01211358075853331,1.0,2.7755575615628914e-17,2.7755575615628914e-17,2.7755575615628914e-17
1.0,0.005263157894736842,0.8627450980392157,0.9135802469135802,0.07544507680844656,0.012596304553825037,0.08221712425072156,0.019572256783358583,0.1806942463147884,0.046901299859962275,1.0,2.7755575615628914e-17,2.7755575615628914e-17,1.0
1.0,0.32631578947368417,0.9509803921568627,0.8518518518518519,0.19586550198956867,0.054084197064795156,0.29401317250055503,0.12232959689867322,0.3086067522586781,0.1157772645989798,1.0,2.7755575615628914e-17,1.0,1.0
1.0,0.015789473684210523,0.7647058823529411,0.8148148148148148,0.08743004803500376,0.015556229983461144,0.1208465921705025,0.03278933703978013,0.11697574893009988,0.023626386762847854,1.0,2.7755575615628914e-17,1.0,2.7755575615628914e-17
1.0,0.15789473684210525,0.6666666666666666,0.7654320987654321,0.08058149304839965,0.013833196469327857,0.13549914896766083,0.038447519418097424,0.23395149786019975,0.07198507626467684,1.0,2.7755575615628914e-17,2.7755575615628914e-17,2.7755575615628914e-17
1.0,0.32105263157894737,0.8235294117647058,0.7901234567901234,0.16105201414099782,0.03940881587069499,0.23939909716569233,0.08874247389202884,0.15929624346172133,0.03826669535672637,1.0,2.7755575615628914e-17,1.0,1.0
1.0,0.010526315789473684,0.696078431372549,0.7407407407407407,0.07544507680844656,0.012596304553825037,0.1208465921705025,0.03278933703978013,0.3937232524964337,0.17799607289482094,0.0,2.7755575615628914e-17,1.0,2.7755575615628914e-17
1.0,0.0,0.3431372549019608,0.37037037037037035,0.07544507680844656,0.012596304553825037,0.15947606009028345,0.048471339016048776,0.3937232524964337,0.17799607289482094,0.0,2.7755575615628914e-17,2.7755575615628914e-17,2.7755575615628914e-17
1.0,0.047368421052631574,0.3333333333333333,0.43209876543209874,0.10398072258596366,0.0200686437732806,0.15947606009028345,0.048471339016048776,0.5316214931050881,0.3065904786192644,1.0,2.7755575615628914e-17,2.7755575615628914e-17,2.7755575615628914e-17
1.0,0.0,0.2549019607843137,0.012345679012345678,0.02978804356441924,0.00368810407259174,0.05557611189225192,0.011893190307735018,0.1383737517831669,0.0306241865785694,1.0,2.7755575615628914e-17,2.7755575615628914e-17,2.7755575615628914e-17
1.0,0.0,0.23529411764705882,0.1111111111111111,0.07544507680844656,0.012596304553825037,0.10885813660919119,0.028423699820146052,0.2976699952448883,0.10873205670741513,0.0,2.7755575615628914e-17,2.7755575615628914e-17,2.7755575615628914e-17
1.0,0.05789473684210526,0.2647058823529412,0.2962962962962963,0.10398072258596366,0.0200686437732806,0.15947606009028345,0.048471339016048776,0.4893009985734665,0.2634697684626358,1.0,2.7755575615628914e-17,2.7755575615628914e-17,2.7755575615628914e-17
1.0,0.3684210526315789,0.3137254901960784,0.2962962962962963,0.06916723473739281,0.011149015008535192,0.0942055798120329,0.02341032455046891,0.2762719923918212,0.0955732504836339,1.0,1.0,2.7755575615628914e-17,2.7755575615628914e-17
1.0,0.0,0.22549019607843138,0.12345679012345678,0.05775297642638597,0.008699259876196035,0.0942055798120329,0.02341032455046891,0.23395149786019975,0.07198507626467684,1.0,2.7755575615628914e-17,2.7755575615628914e-17,2.7755575615628914e-17
1.0,0.0,0.20588235294117646,0.19753086419753085,0.11539498089697048,0.02346782553585646,0.18611707244875306,0.060722674080211564,0.4997622444127438,0.2738276156537381,0.0,2.7755575615628914e-17,2.7755575615628914e-17,2.7755575615628914e-17
1.0,0.0,0.14705882352941177,0.20987654320987653,0.14963775582999098,0.035071928794305096,0.2287426922223045,0.08276335343009296,0.7551117451260105,0.5879941908759481,0.0,2.7755575615628914e-17,2.7755575615628914e-17,1.0
1.0,0.2894736842105263,0.3529411764705882,0.2839506172839506,0.16618843038095088,0.041436896644728397,0.29401317250055503,0.12232959689867322,0.4997622444127438,0.2738276156537381,1.0,2.7755575615628914e-17,2.7755575615628914e-17,1.0
1.0,0.005263157894736842,0.5294117647058824,0.6049382716049383,0.24665895147354908,0.07940780816307476,0.40057722193443346,0.20205120305781862,0.7018544935805993,0.5127428616618044,0.0,2.7755575615628914e-17,2.7755575615628914e-17,2.7755575615628914e-17
1.0,0.0,0.6764705882352942,0.7037037037037037,0.21869401861158236,0.06489125080650186,0.3859246651372752,0.18997718994853185,0.7551117451260105,0.5879941908759481,0.0,2.7755575615628914e-17,2.7755575615628914e-17,2.7755575615628914e-17
1.0,0.24210526315789474,0.7549019607843137,0.8888888888888888,0.18901694700296456,0.051024933478476864,0.15947606009028345,0.048471339016048776,0.20209224916785545,0.056363502238907695,1.0,2.7755575615628914e-17,1.0,1.0
1.0,0.0,0.8627450980392157,0.7901234567901234,0.11539498089697048,0.02346782553585646,0.20076962924591138,0.06796063387469721,0.3086067522586781,0.1157772645989798,0.0,2.7755575615628914e-17,2.7755575615628914e-17,2.7755575615628914e-17
1.0,0.0,0.7450980392156863,0.9012345679012346,0.05775297642638597,0.008699259876196035,0.0942055798120329,0.02341032455046891,0.2976699952448883,0.10873205670741513,0.0,2.7755575615628914e-17,2.7755575615628914e-17,2.7755575615628914e-17
1.0,0.0,0.803921568627451,0.9012345679012346,0.06916723473739281,0.011149015008535192,0.10885813660919119,0.028423699820146052,0.34046600095102236,0.13753246278210615,1.0,2.7755575615628914e-17,2.7755575615628914e-17,2.7755575615628914e-17
1.0,0.16842105263157894,0.7254901960784313,0.8641975308641975,0.05775297642638597,0.008699259876196035,0.012950492118700557,0.0020452271939582368,0.053257251545411326,0.007689916854000096,1.0,1.0,2.7755575615628914e-17,1.0
1.0,0.0,0.8431372549019608,0.8765432098765431,0.04748014394647985,0.006694914767918546,0.08221712425072156,0.019572256783358583,0.20209224916785545,0.056363502238907695,1.0,2.7755575615628914e-17,2.7755575615628914e-17,2.7755575615628914e-17
1.0,0.0,0.8431372549019608,0.7777777777777777,0.05775297642638597,0.008699259876196035,0.10885813660919119,0.028423699820146052,0.1911554921540656,0.05142386681927163,1.0,1.0,2.7755575615628914e-17,1.0
1.0,0.0,0.803921568627451,0.7777777777777777,0.12680923920797732,0.027101433626885833,0.06756456745356326,0.015203688622321588,0.04232049453162149,0.005692442968799973,0.0,2.7755575615628914e-17,2.7755575615628914e-17,2.7755575615628914e-17
1.0,0.5105263157894736,0.803921568627451,0.8395061728395061,0.15477417206994407,0.03699451772053443,0.20076962924591138,0.06796063387469721,0.23395149786019975,0.07198507626467684,0.0,2.7755575615628914e-17,1.0,2.7755575615628914e-17
1.0,0.0,0.9117647058823529,0.9753086419753085,0.06916723473739281,0.011149015008535192,0.10885813660919119,0.028423699820146052,0.2976699952448883,0.10873205670741513,1.0,2.7755575615628914e-17,1.0,2.7755575615628914e-17
1.0,0.32631578947368417,0.8137254901960784,0.8888888888888888,0.14963775582999098,0.035071928794305096,0.2820247169392437,0.11453475823763472,0.22349025202092254,0.06665330249356263,1.0,2.7755575615628914e-17,1.0,2.7755575615628914e-17
1.0,0.0,0.8627450980392157,0.8148148148148148,0.16618843038095088,0.041436896644728397,0.2673721601420854,0.10533013676179662,0.2553495007132668,0.08350707780094371,0.0,2.7755575615628914e-17,1.0,2.7755575615628914e-17
1.0,0.0,0.8725490196078431,0.8271604938271604,0.09199575135940646,0.01675180425857403,0.17412861688744177,0.055064491701894286,0.3827864954826439,0.16926828700113472,0.0,2.7755575615628914e-17,2.7755575615628914e-17,2.7755575615628914e-17
1.0,0.0,0.8431372549019608,0.8518518518518519,0.06916723473739281,0.011149015008535192,0.1208465921705025,0.03278933703978013,0.2976699952448883,0.10873205670741513,0.0,2.7755575615628914e-17,2.7755575615628914e-17,2.7755575615628914e-17
1.0,0.05789473684210526,0.8823529411764706,0.9012345679012346,0.28147243932211996,0.0994456916205489,0.37393620957596385,0.1803622366762864,0.22349025202092254,0.06665330249356263,1.0,2.7755575615628914e-17,1.0,2.7755575615628914e-17
1.0,0.42105263157894735,0.8333333333333334,0.9012345679012346,0.12680923920797732,0.027101433626885833,0.20076962924591138,0.06796063387469721,0.3295292439372326,0.12985746312438431,1.0,2.7755575615628914e-17,1.0,1.0
1.0,0.0,0.7941176470588235,0.8024691358024691,0.06403081849743975,0.010017614940836451,0.05557611189225192,0.011893190307735018,0.17023300047551118,0.04257653901020522,1.0,2.7755575615628914e-17,2.7755575615628914e-17,1.0
1.0,0.0,0.7843137254901961,0.8148148148148148,0.06916723473739281,0.011149015008535192,0.0942055798120329,0.02341032455046891,0.23395149786019975,0.07198507626467684,1.0,2.7755575615628914e-17,2.7755575615628914e-17,1.0
1.0,0.005263157894736842,0.8235294117647058,0.8518518518518519,0.08058149304839965,0.013833196469327857,0.15947606009028345,0.048471339016048776,0.3509272467902996,0.145076068505487,1.0,2.7755575615628914e-17,2.7755575615628914e-17,1.0
1.0,0.4052631578947368,0.8627450980392157,0.7407407407407407,0.20727976030057552,0.05937051077142175,0.37393620957596385,0.1803622366762864,0.265810746552544,0.08944126108751266,1.0,2.7755575615628914e-17,1.0,1.0
