Average Wind Speed,PRCP,TMIN,Fastest 5 second wind speed,Fog/Ice,Heavy/Freezing Fog,Thunder,Smoke/Haze,Power Outage
11.41,0.14,4.0,35.1,1.0,0.0,0.0,1.0,0.0
8.5,0.0,26.0,25.1,0.0,0.0,0.0,0.0,1.0
9.17,0.0,45.0,30.0,0.0,0.0,0.0,0.0,0.0
2.91,0.0,70.0,18.1,1.0,1.0,0.0,1.0,1.0
16.33,0.44,34.0,42.9,0.0,0.0,0.0,0.0,0.0
4.47,0.21,68.0,30.0,1.0,1.0,1.0,1.0,0.0
9.17,0.0,58.0,21.0,1.0,0.0,0.0,0.0,1.0
4.03,0.0,27.0,15.0,0.0,0.0,0.0,0.0,0.0
4.92,0.0,49.0,17.0,0.0,0.0,0.0,0.0,0.0
11.63,0.0,8.0,30.0,0.0,0.0,0.0,0.0,1.0
5.82,0.11,65.0,59.1,1.0,0.0,1.0,0.0,1.0
7.38,0.0,45.0,18.1,0.0,0.0,0.0,0.0,0.0
8.05,0.35,32.0,23.9,0.0,0.0,0.0,0.0,0.0
10.74,0.01,44.0,30.0,0.0,0.0,0.0,0.0,1.0
12.53,0.08,23.0,33.1,0.0,0.0,0.0,0.0,1.0
3.36,0.1,66.0,31.1,1.0,1.0,1.0,0.0,1.0
4.47,0.0,29.0,15.0,1.0,0.0,0.0,0.0,0.0
6.71,0.0,15.0,21.9,0.0,1.0,0.0,1.0,0.0
11.41,0.0,27.0,29.1,1.0,0.0,0.0,0.0,1.0
3.36,0.0,66.0,17.0,1.0,0.0,0.0,1.0,0.0
13.65,0.0,8.0,36.9,0.0,0.0,0.0,0.0,0.0
11.63,0.19,73.0,35.1,1.0,0.0,1.0,1.0,1.0
4.25,0.0,67.0,46.1,1.0,1.0,0.0,1.0,1.0
7.61,0.0,20.0,25.9,0.0,0.0,0.0,0.0,0.0
5.82,0.0,33.0,25.9,0.0,0.0,0.0,0.0,1.0
2.24,0.0,43.0,17.0,1.0,1.0,0.0,1.0,0.0
6.04,0.3,54.0,23.9,1.0,0.0,0.0,0.0,1.0
3.58,0.0,50.0,23.0,0.0,0.0,0.0,0.0,0.0
8.05,0.0,54.0,23.9,0.0,0.0,0.0,0.0,1.0
5.82,0.0,17.0,21.0,0.0,0.0,0.0,0.0,0.0
8.05,0.8,65.0,32.0,1.0,0.0,1.0,1.0,1.0
9.62,0.02,24.0,23.9,1.0,0.0,0.0,0.0,1.0
3.58,0.03,58.0,25.1,1.0,0.0,1.0,0.0,1.0
14.32,0.0,29.0,51.0,0.0,0.0,0.0,0.0,1.0
9.17,0.02,49.0,32.0,0.0,0.0,1.0,0.0,0.0
2.46,0.0,13.0,11.0,0.0,0.0,0.0,0.0,0.0
14.54,0.0,24.0,35.1,0.0,0.0,0.0,0.0,1.0
17.0,0.0,9.0,36.0,0.0,0.0,0.0,1.0,1.0
5.14,0.01,47.0,70.0,1.0,1.0,1.0,0.0,1.0
11.41,0.11,16.0,28.0,1.0,0.0,0.0,0.0,1.0
5.14,0.0,0.0,19.9,0.0,0.0,0.0,0.0,0.0
6.26,0.01,45.0,25.1,0.0,0.0,0.0,0.0,0.0
11.41,0.02,34.0,32.0,0.0,0.0,0.0,1.0,0.0
19.91,0.43,34.0,52.1,0.0,0.0,0.0,0.0,1.0
4.25,0.0,56.0,17.0,1.0,1.0,0.0,0.0,1.0
11.18,0.44,43.0,36.9,1.0,0.0,1.0,0.0,0.0
9.17,0.0,12.0,23.9,0.0,0.0,0.0,0.0,1.0
4.25,0.01,63.0,19.9,1.0,0.0,1.0,0.0,0.0
7.16,0.06,51.0,25.9,0.0,0.0,0.0,0.0,1.0
10.29,0.0,50.0,30.0,0.0,0.0,0.0,0.0,1.0
6.71,0.15,17.0,21.0,0.0,0.0,0.0,0.0,0.0
7.61,0.62,61.0,44.1,1.0,0.0,1.0,1.0,1.0
2.91,0.0,51.0,25.1,1.0,1.0,0.0,1.0,0.0
6.49,0.0,46.0,21.9,1.0,0.0,0.0,1.0,0.0
0.0,0.03,0.0,42.9,1.0,0.0,0.0,0.0,0.0
4.03,0.0,-7.0,15.0,1.0,0.0,0.0,0.0,1.0
4.47,0.61,56.0,38.0,1.0,0.0,1.0,1.0,1.0
18.57,0.35,36.0,42.9,1.0,0.0,0.0,0.0,1.0
2.68,0.0,61.0,83.0,1.0,1.0,1.0,1.0,1.0
3.36,0.0,51.0,23.0,0.0,0.0,0.0,0.0,0.0
5.37,0.0,63.0,18.1,1.0,0.0,0.0,0.0,1.0
4.47,0.0,42.0,27.1,0.0,0.0,0.0,0.0,0.0
6.26,0.01,55.0,84.1,1.0,0.0,0.0,1.0,0.0
5.14,0.0,44.0,23.9,0.0,0.0,0.0,0.0,0.0
4.92,0.07,63.0,23.9,1.0,0.0,1.0,1.0,1.0
8.5,0.21,65.0,21.0,0.0,0.0,0.0,0.0,0.0
8.5,0.01,61.0,23.9,1.0,0.0,0.0,1.0,1.0
7.38,0.0,36.0,46.1,0.0,0.0,0.0,0.0,0.0
3.8,0.0,50.0,18.1,0.0,0.0,0.0,0.0,0.0
11.63,0.55,15.0,38.9,1.0,0.0,0.0,1.0,1.0
4.47,0.0,69.0,30.0,0.0,0.0,0.0,0.0,0.0
13.65,0.16,56.0,36.0,0.0,0.0,0.0,0.0,1.0
9.84,0.01,31.0,32.0,1.0,0.0,0.0,0.0,0.0
3.13,0.0,21.0,181.0,1.0,0.0,0.0,1.0,0.0
6.04,0.97,60.0,36.9,0.0,0.0,1.0,0.0,1.0
8.95,0.0,35.0,23.9,0.0,0.0,0.0,0.0,1.0
10.51,0.82,54.0,38.9,0.0,0.0,0.0,0.0,1.0
8.28,0.0,24.0,32.0,0.0,0.0,0.0,0.0,0.0
4.92,0.48,65.0,40.0,0.0,0.0,0.0,0.0,1.0
11.63,0.0,6.0,28.0,0.0,0.0,0.0,0.0,0.0
5.82,0.0,31.0,25.9,0.0,0.0,0.0,0.0,0.0
7.38,0.0,64.0,31.1,1.0,1.0,0.0,0.0,1.0
9.17,0.09,29.0,23.9,0.0,0.0,0.0,0.0,1.0
2.91,0.01,53.0,19.9,0.0,0.0,0.0,0.0,0.0
3.36,0.0,41.0,14.1,0.0,0.0,0.0,0.0,0.0
6.71,0.05,10.0,25.1,1.0,0.0,0.0,0.0,0.0
6.71,0.01,14.0,19.0,0.0,0.0,0.0,0.0,1.0
20.22,0.0,4.0,55.0,1.0,1.0,0.0,1.0,1.0
4.25,0.27,57.0,18.1,0.0,0.0,0.0,0.0,0.0
10.93,0.2,52.0,25.9,0.0,0.0,0.0,0.0,1.0
14.99,0.0,29.0,38.9,0.0,0.0,0.0,0.0,1.0
4.03,1.76,60.0,40.9,1.0,1.0,1.0,1.0,1.0
10.96,0.11,34.0,36.9,0.0,0.0,0.0,0.0,0.0
3.8,0.0,32.0,19.0,0.0,0.0,0.0,0.0,0.0
4.92,0.01,56.0,19.0,0.0,0.0,0.0,0.0,0.0
6.04,0.0,33.0,28.0,0.0,0.0,0.0,0.0,1.0
4.25,0.0,54.0,15.0,0.0,0.0,0.0,0.0,0.0
8.72,0.0,60.0,87.0,0.0,0.0,0.0,0.0,1.0
5.37,0.46,64.0,42.9,1.0,0.0,1.0,1.0,1.0
5.37,0.02,62.0,23.0,0.0,0.0,0.0,0.0,0.0
9.84,0.01,54.0,32.0,0.0,0.0,0.0,0.0,1.0
5.82,0.64,69.0,29.1,1.0,0.0,1.0,1.0,0.0
7.61,0.0,26.0,23.9,0.0,0.0,0.0,0.0,0.0
5.82,0.0,1.0,19.9,1.0,0.0,0.0,0.0,1.0
8.05,0.0,11.0,21.9,0.0,0.0,0.0,0.0,1.0
4.92,0.0,28.0,28.0,0.0,0.0,0.0,0.0,0.0
11.41,0.0,27.0,31.1,0.0,0.0,0.0,0.0,0.0
18.57,0.02,41.0,66.0,0.0,0.0,0.0,0.0,1.0
12.08,0.0,13.0,32.0,0.0,0.0,0.0,0.0,0.0
10.51,0.0,49.0,33.1,0.0,0.0,0.0,0.0,0.0
3.58,0.0,46.0,19.9,1.0,1.0,0.0,1.0,1.0
7.61,0.98,61.0,34.0,0.0,0.0,0.0,0.0,1.0
7.61,0.0,31.0,29.1,0.0,0.0,0.0,0.0,0.0
10.51,0.0,9.0,25.1,1.0,0.0,0.0,1.0,0.0
22.15,0.0,35.0,62.0,0.0,0.0,0.0,0.0,1.0
6.71,0.0,50.0,45.0,0.0,0.0,0.0,0.0,1.0
1.57,0.0,49.0,132.0,1.0,1.0,0.0,1.0,0.0
3.8,0.02,46.0,19.9,0.0,0.0,0.0,0.0,0.0
9.17,0.0,71.0,23.0,0.0,0.0,0.0,0.0,0.0
8.28,0.04,14.0,25.9,0.0,0.0,0.0,0.0,0.0
2.91,0.0,66.0,59.1,1.0,1.0,0.0,0.0,1.0
8.05,0.0,71.0,47.0,1.0,0.0,1.0,0.0,1.0
11.41,0.0,38.0,28.0,0.0,0.0,0.0,0.0,1.0
17.0,0.0,49.0,48.1,0.0,0.0,0.0,0.0,1.0
10.29,0.0,67.0,36.0,1.0,0.0,0.0,0.0,1.0
8.95,0.0,40.0,23.9,0.0,0.0,0.0,0.0,0.0
15.21,0.21,33.0,42.1,0.0,0.0,0.0,0.0,1.0
7.61,0.0,50.0,21.9,0.0,0.0,0.0,0.0,0.0
8.28,0.0,5.0,21.9,1.0,0.0,0.0,1.0,1.0
5.59,0.0,67.0,23.9,0.0,0.0,0.0,0.0,0.0
3.8,0.01,45.0,19.9,1.0,1.0,0.0,0.0,0.0
7.61,0.0,20.0,19.9,0.0,0.0,0.0,0.0,0.0
12.3,0.09,27.0,28.0,1.0,0.0,0.0,0.0,1.0
5.82,0.0,22.0,18.1,0.0,0.0,0.0,0.0,1.0
6.04,0.29,39.0,21.0,1.0,0.0,0.0,0.0,1.0
9.4,0.02,52.0,23.0,0.0,0.0,1.0,0.0,1.0
4.03,0.0,58.0,27.1,0.0,0.0,0.0,0.0,0.0
15.21,0.0,14.0,34.0,0.0,0.0,0.0,0.0,1.0
6.49,0.1,64.0,38.9,1.0,0.0,1.0,1.0,1.0
5.82,0.0,53.0,23.0,1.0,1.0,0.0,0.0,0.0
14.54,0.0,5.0,36.9,1.0,0.0,0.0,1.0,0.0
13.87,0.2,33.0,44.1,0.0,0.0,0.0,0.0,0.0
2.91,0.0,38.0,14.1,1.0,1.0,0.0,0.0,0.0
8.95,1.54,34.0,33.1,0.0,0.0,0.0,0.0,0.0
8.05,0.18,45.0,25.1,1.0,0.0,0.0,0.0,0.0
16.11,0.47,56.0,40.0,0.0,0.0,0.0,0.0,1.0
6.71,0.0,-4.0,25.1,1.0,1.0,0.0,1.0,0.0
8.95,0.0,21.0,21.9,0.0,0.0,0.0,0.0,1.0
12.3,0.04,2.0,29.1,1.0,0.0,0.0,1.0,0.0
7.61,0.0,44.0,19.0,0.0,0.0,0.0,0.0,0.0
7.83,0.26,56.0,23.0,0.0,0.0,0.0,0.0,1.0
6.04,0.0,53.0,25.1,1.0,0.0,0.0,0.0,1.0
6.04,0.0,40.0,25.1,0.0,0.0,0.0,0.0,0.0
5.59,0.0,17.0,25.1,0.0,0.0,0.0,0.0,0.0
4.92,0.08,53.0,25.1,1.0,0.0,1.0,1.0,0.0
7.38,0.0,65.0,19.9,0.0,0.0,0.0,0.0,1.0
8.72,0.0,28.0,27.1,0.0,0.0,0.0,0.0,1.0
12.75,0.0,0.0,40.9,0.0,0.0,0.0,0.0,1.0
4.7,0.0,20.0,21.9,0.0,0.0,0.0,0.0,0.0
9.62,0.01,48.0,29.1,1.0,0.0,0.0,0.0,0.0
10.96,0.2,54.0,31.1,0.0,0.0,0.0,0.0,1.0
12.97,0.0,34.0,35.1,0.0,0.0,0.0,0.0,0.0
6.71,0.14,49.0,25.1,1.0,0.0,0.0,0.0,0.0
7.38,0.0,61.0,21.9,0.0,0.0,0.0,0.0,1.0
10.07,0.5,34.0,53.9,1.0,0.0,0.0,0.0,1.0
12.97,0.0,36.0,31.1,1.0,0.0,0.0,0.0,1.0
4.7,0.54,63.0,70.0,1.0,1.0,1.0,1.0,1.0
8.95,0.0,35.0,29.1,1.0,0.0,0.0,0.0,0.0
4.47,0.06,63.0,25.1,0.0,0.0,0.0,0.0,0.0
10.29,0.0,60.0,33.1,0.0,0.0,0.0,0.0,0.0
21.7,0.08,35.0,46.1,1.0,0.0,0.0,0.0,1.0
11.18,0.0,35.0,42.9,0.0,0.0,0.0,0.0,0.0
5.59,0.0,46.0,21.9,0.0,0.0,0.0,0.0,0.0
19.46,0.01,28.0,52.1,0.0,0.0,0.0,0.0,1.0
16.11,0.0,36.0,38.9,0.0,0.0,0.0,0.0,1.0
6.49,0.0,59.0,28.0,0.0,0.0,0.0,0.0,1.0
10.07,0.57,66.0,35.1,0.0,0.0,0.0,0.0,1.0
4.7,0.0,43.0,79.0,0.0,0.0,0.0,0.0,0.0
6.71,0.0,66.0,42.9,1.0,1.0,1.0,0.0,1.0
18.79,0.0,31.0,53.9,0.0,0.0,0.0,0.0,1.0
17.67,0.08,30.0,55.0,0.0,0.0,0.0,0.0,1.0
5.59,0.58,65.0,21.0,0.0,0.0,0.0,0.0,1.0
6.26,0.0,9.0,17.0,0.0,0.0,0.0,0.0,0.0
7.38,0.0,56.0,19.0,0.0,0.0,0.0,0.0,0.0
2.01,0.0,32.0,16.1,1.0,1.0,0.0,0.0,1.0
7.38,0.17,34.0,18.1,1.0,0.0,0.0,0.0,0.0
12.3,0.0,32.0,31.1,0.0,0.0,0.0,0.0,0.0
8.5,0.29,58.0,19.9,0.0,0.0,0.0,0.0,0.0
8.05,0.02,20.0,25.9,1.0,0.0,0.0,1.0,0.0
8.05,0.0,15.0,23.9,0.0,0.0,0.0,0.0,0.0
6.71,0.77,52.0,46.1,1.0,0.0,1.0,1.0,1.0
3.58,0.0,28.0,14.1,0.0,0.0,0.0,0.0,1.0
4.92,0.0,58.0,18.1,1.0,1.0,0.0,0.0,0.0
11.41,0.0,50.0,36.0,0.0,0.0,0.0,0.0,1.0
7.16,0.0,66.0,33.1,1.0,0.0,0.0,1.0,1.0
7.61,0.0,56.0,30.0,0.0,0.0,0.0,0.0,1.0
5.37,0.09,32.0,18.1,0.0,0.0,0.0,0.0,0.0
7.83,0.06,31.0,27.1,0.0,0.0,0.0,0.0,1.0
5.14,0.14,69.0,31.1,1.0,0.0,1.0,1.0,1.0
19.24,0.18,18.0,38.9,1.0,0.0,0.0,0.0,0.0
12.08,0.0,53.0,29.1,1.0,0.0,0.0,0.0,1.0
6.04,0.0,64.0,19.0,0.0,0.0,0.0,0.0,1.0
7.38,0.0,-8.0,30.0,0.0,0.0,0.0,0.0,0.0
17.9,0.0,24.0,36.9,0.0,0.0,0.0,0.0,0.0
5.82,0.0,55.0,18.1,0.0,0.0,0.0,0.0,0.0
8.95,0.02,45.0,23.9,0.0,0.0,0.0,0.0,0.0
4.92,0.01,66.0,23.0,1.0,0.0,0.0,1.0,1.0
1.12,0.0,25.0,117.0,1.0,0.0,0.0,1.0,0.0
12.08,0.0,52.0,23.9,1.0,0.0,0.0,0.0,1.0
13.65,0.0,7.0,34.0,0.0,0.0,0.0,0.0,0.0
3.8,0.0,32.0,17.0,0.0,0.0,0.0,0.0,0.0
2.24,0.0,31.0,23.0,0.0,0.0,0.0,0.0,1.0
3.36,1.4,64.0,25.1,1.0,0.0,1.0,0.0,1.0
7.38,0.0,1.0,23.0,0.0,0.0,0.0,0.0,1.0
9.62,0.01,59.0,25.9,0.0,0.0,0.0,0.0,1.0
6.04,0.0,25.0,19.9,1.0,0.0,0.0,1.0,0.0
5.14,0.0,55.0,19.9,1.0,1.0,0.0,1.0,1.0
6.49,0.01,22.0,29.1,1.0,0.0,0.0,0.0,1.0
2.24,0.0,27.0,12.1,1.0,1.0,0.0,1.0,0.0
3.8,0.0,52.0,15.0,0.0,0.0,0.0,0.0,0.0
8.95,0.0,28.0,21.0,0.0,0.0,0.0,0.0,0.0
6.93,0.7,16.0,21.9,1.0,1.0,0.0,0.0,1.0
10.29,0.0,61.0,32.0,0.0,0.0,0.0,0.0,1.0
8.28,0.23,33.0,29.1,1.0,0.0,0.0,0.0,1.0
8.72,0.0,56.0,62.0,1.0,1.0,0.0,0.0,1.0
11.18,0.0,16.0,23.9,0.0,0.0,0.0,0.0,0.0
3.13,0.0,26.0,16.1,0.0,0.0,0.0,0.0,1.0
8.05,0.0,26.0,21.9,0.0,0.0,0.0,0.0,0.0
5.82,0.18,50.0,29.1,0.0,0.0,0.0,0.0,0.0
4.47,0.0,41.0,15.0,1.0,1.0,0.0,0.0,0.0
4.7,0.0,39.0,36.0,0.0,0.0,0.0,0.0,0.0
6.49,0.01,44.0,21.0,1.0,0.0,0.0,0.0,0.0
5.59,0.15,56.0,18.1,0.0,0.0,0.0,0.0,1.0
6.93,0.0,40.0,23.0,0.0,0.0,0.0,0.0,0.0
5.59,0.0,57.0,23.0,1.0,0.0,0.0,1.0,1.0
5.82,0.09,61.0,25.9,0.0,0.0,0.0,0.0,0.0
19.24,0.0,37.0,42.9,0.0,0.0,0.0,0.0,1.0
5.82,0.07,35.0,30.0,0.0,0.0,0.0,0.0,1.0
6.71,0.0,48.0,25.9,0.0,0.0,0.0,0.0,0.0
8.05,0.0,25.0,23.0,1.0,0.0,0.0,0.0,1.0
2.01,0.0,55.0,32.0,0.0,0.0,0.0,0.0,1.0
4.92,0.0,48.0,19.0,0.0,0.0,0.0,0.0,0.0
7.38,0.51,58.0,49.0,0.0,0.0,0.0,0.0,1.0
2.24,0.05,38.0,14.1,0.0,0.0,0.0,0.0,1.0
6.71,0.29,62.0,38.0,0.0,0.0,0.0,0.0,1.0
6.49,0.0,58.0,38.9,0.0,0.0,1.0,0.0,1.0
5.37,0.0,31.0,21.9,1.0,0.0,0.0,1.0,0.0
7.16,0.0,51.0,23.9,0.0,0.0,0.0,0.0,0.0
4.7,0.0,57.0,21.0,1.0,0.0,0.0,1.0,1.0
2.24,0.0,30.0,21.0,0.0,0.0,0.0,0.0,0.0
5.37,0.0,51.0,33.1,0.0,0.0,0.0,0.0,1.0
6.93,0.0,34.0,16.1,0.0,0.0,0.0,0.0,0.0
11.18,0.0,15.0,29.1,0.0,0.0,0.0,0.0,0.0
20.58,0.0,35.0,47.0,0.0,0.0,0.0,0.0,1.0
7.38,0.78,22.0,25.9,1.0,1.0,1.0,1.0,0.0
10.74,0.0,23.0,31.1,0.0,0.0,0.0,0.0,0.0
17.22,0.81,47.0,59.1,1.0,0.0,1.0,0.0,1.0
8.5,0.0,30.0,123.9,1.0,0.0,0.0,0.0,0.0
10.96,0.23,44.0,31.1,0.0,0.0,0.0,0.0,0.0
10.51,0.0,15.0,28.0,0.0,0.0,0.0,0.0,0.0
13.42,0.0,25.0,35.1,1.0,0.0,0.0,1.0,0.0
9.17,0.0,59.0,25.9,0.0,0.0,0.0,0.0,1.0
5.82,0.01,42.0,18.1,0.0,0.0,0.0,0.0,1.0
2.24,0.32,62.0,19.9,1.0,1.0,0.0,1.0,1.0
6.04,0.0,25.0,36.9,1.0,0.0,0.0,0.0,1.0
7.16,0.0,27.0,21.9,1.0,0.0,0.0,0.0,0.0
4.92,0.0,53.0,23.9,0.0,0.0,0.0,0.0,1.0
5.82,0.12,28.0,40.9,1.0,0.0,0.0,0.0,0.0
11.18,0.0,54.0,25.1,0.0,0.0,0.0,0.0,0.0
12.3,0.05,24.0,28.0,0.0,0.0,0.0,0.0,0.0
9.84,0.01,46.0,34.0,0.0,0.0,0.0,0.0,1.0
10.51,0.0,51.0,25.9,0.0,0.0,0.0,0.0,1.0
20.8,0.0,28.0,81.0,0.0,0.0,0.0,0.0,1.0
6.71,0.04,16.0,17.0,0.0,0.0,0.0,0.0,0.0
8.28,0.0,63.0,30.0,0.0,0.0,0.0,0.0,1.0
4.03,0.0,7.0,15.0,0.0,0.0,0.0,0.0,0.0
6.71,0.0,16.0,16.1,0.0,0.0,0.0,0.0,0.0
4.7,0.01,62.0,15.0,0.0,0.0,0.0,0.0,1.0
5.82,0.0,24.0,23.0,0.0,0.0,0.0,0.0,1.0
8.28,0.0,65.0,21.9,1.0,0.0,0.0,0.0,1.0
10.29,0.0,36.0,25.9,0.0,0.0,0.0,0.0,1.0
4.92,0.0,17.0,17.0,0.0,0.0,0.0,0.0,0.0
10.29,0.0,19.0,28.0,1.0,0.0,0.0,0.0,1.0
6.26,0.0,16.0,21.0,0.0,0.0,0.0,0.0,0.0
5.37,0.0,19.0,25.1,0.0,0.0,0.0,0.0,1.0
3.36,0.0,49.0,17.0,1.0,0.0,0.0,0.0,0.0
9.4,0.0,22.0,23.0,0.0,0.0,0.0,0.0,1.0
3.58,0.0,45.0,28.0,0.0,0.0,0.0,0.0,0.0
4.7,0.0,26.0,21.9,1.0,0.0,0.0,1.0,0.0
8.72,0.01,4.0,35.1,1.0,1.0,0.0,1.0,1.0
3.58,0.0,49.0,25.9,0.0,0.0,0.0,0.0,0.0
7.83,0.0,6.0,23.0,0.0,0.0,0.0,1.0,1.0
7.38,0.0,71.0,21.9,1.0,0.0,1.0,0.0,1.0
5.59,0.0,25.0,16.1,0.0,0.0,0.0,0.0,0.0
9.4,0.0,41.0,21.0,0.0,0.0,0.0,0.0,0.0
12.08,0.01,12.0,30.0,0.0,0.0,0.0,0.0,0.0
8.5,0.0,-8.0,23.0,1.0,0.0,0.0,1.0,1.0
10.74,0.71,45.0,47.0,1.0,0.0,1.0,1.0,1.0
4.92,0.35,58.0,18.1,0.0,0.0,0.0,0.0,0.0
7.61,0.37,38.0,25.9,0.0,0.0,0.0,0.0,0.0
6.26,0.0,53.0,25.9,0.0,0.0,0.0,0.0,0.0
2.68,0.03,63.0,15.0,0.0,0.0,0.0,0.0,0.0
9.17,0.0,59.0,23.0,0.0,0.0,0.0,0.0,0.0
15.88,0.01,41.0,53.0,0.0,0.0,0.0,0.0,1.0
6.04,0.0,58.0,21.9,1.0,0.0,0.0,1.0,1.0
9.4,0.0,34.0,25.1,0.0,0.0,0.0,0.0,0.0
7.38,0.59,50.0,31.1,0.0,0.0,0.0,0.0,0.0
5.82,0.62,64.0,36.0,1.0,0.0,1.0,0.0,1.0
6.26,0.01,37.0,19.9,0.0,0.0,0.0,0.0,0.0
2.46,0.02,57.0,15.0,1.0,0.0,0.0,1.0,0.0
3.13,0.0,54.0,44.1,1.0,1.0,1.0,0.0,1.0
10.51,0.0,29.0,32.0,0.0,0.0,0.0,0.0,1.0
2.68,0.0,61.0,17.0,1.0,0.0,0.0,0.0,1.0
6.71,0.0,57.0,25.9,0.0,0.0,0.0,0.0,1.0
3.8,0.0,48.0,19.9,1.0,0.0,0.0,0.0,0.0
4.03,0.0,56.0,23.9,0.0,0.0,0.0,0.0,0.0
3.8,0.0,47.0,17.0,0.0,0.0,0.0,0.0,0.0
6.04,0.0,2.0,19.9,1.0,0.0,0.0,0.0,1.0
