Power Outage,5 second wind speed squared,Avg Wind Speed Squared,2 min wind speed squared,Fog/Ice fog,Heavy freezing fog,Thunder
0.0,0.07506159763313609,0.3321422370612023,0.1846792388800427,0.5666666666666668,0.03333333333333335,0.33333333333333337
0.0,0.019652080549723283,0.08640898870192967,0.05409602077082881,0.44086021505376344,0.02150537634408594,0.0967741935483871
0.0,1.0,0.1736480712709109,0.19655226106910267,0.0,6.938893903907228e-18,2.7755575615628914e-17
0.0,0.03819753598869558,0.1665406370946628,0.09363839789238455,0.41791044776119407,0.029850746268656747,0.15671641791044785
0.0,0.13279704142011833,0.4221016649510513,0.4772283029767187,0.888888888888889,0.22222222222222227,0.5555555555555557
0.0,0.3692899408284024,0.09593838625903911,0.05694609366621631,0.0,6.938893903907228e-18,2.7755575615628914e-17
0.0,0.10863288250211325,0.5178135938380325,0.3239245909978354,0.7142857142857143,2.7755575615628914e-17,0.38095238095238093
0.0,0.04513296703296704,0.23660647143920086,0.14607352298718002,0.5446428571428572,0.03571428571428575,0.1428571428571429
0.0,0.2166041420118343,0.41530773023935313,0.7257361115146302,0.5,6.938893903907228e-18,0.5
0.0,0.01092137895549267,0.04543259560589942,0.020223927790497923,0.5434782608695652,0.043478260869565244,1.3877787807814457e-16
0.0,0.027389252898446136,0.12920261930925586,0.07643463941901091,0.44715447154471544,0.03252032520325205,0.10975609756097562
0.0,0.07996446117984578,0.3438259254030385,0.2889483648037892,0.5454545454545455,0.030303030303030318,0.36363636363636354
0.0,0.059364028967588085,0.2315511630468083,0.15325363552848414,0.5671641791044777,0.014925373134328363,0.29850746268656736
0.0,0.1994618343195266,0.13953401096288182,0.12090101353445587,0.5,6.938893903907228e-18,2.7755575615628914e-17
0.0,0.09937914201183434,0.3255875491164352,0.22771622641873196,0.8333333333333334,6.938893903907228e-18,0.5
0.0,0.032445588165680474,0.16492433980118626,0.09034710164438103,0.47600000000000003,0.036000000000000025,0.09199999999999997
0.0,0.051541916115558646,0.1938519346020437,0.14373884306770998,0.4558823529411765,0.014705882352941225,0.25
0.0,0.2736094674556213,0.04089908886233406,0.06676426102465238,1.0,1.0,2.7755575615628914e-17
0.0,0.0754007232084155,0.5948109705857946,0.22822544153882396,0.7222222222222223,0.05555555555555557,2.7755575615628914e-17
0.0,0.03788102428075903,0.20979076584403364,0.13760340951571032,0.5517241379310345,0.03448275862068969,0.17241379310344826
0.0,0.15775159763313612,0.34077200145809217,0.5406312294894198,0.6000000000000001,6.938893903907228e-18,0.20000000000000004
0.0,0.2577514792899408,0.08167610357439344,1.0000000000000002,1.0,6.938893903907228e-18,1.0
0.0,0.04931329952099183,0.051534510912567215,0.04528029212970765,0.761904761904762,0.04761904761904764,0.14285714285714288
0.0,0.11863570019723868,0.02657317278458312,0.03702609801128065,0.6666666666666667,6.938893903907228e-18,2.7755575615628914e-17
0.0,0.05919508263619669,0.3569653548014027,0.19377302591587633,0.4482758620689656,0.0,0.10344827586206899
0.0,0.0,0.031976063270097416,0.3450056506811946,1.0,1.0,1.0
0.0,0.0,0.09150268828157349,0.07169851537238331,0.2142857142857143,1.3877787807814457e-17,0.0
0.0,0.11665729783037478,0.10765910968197183,0.3734695262866797,0.9166666666666667,0.16666666666666669,1.0
0.0,0.012972075686156563,0.032998647704786103,0.024140165035516675,0.44067796610169496,0.03954802259887009,0.062146892655367506
0.0,0.06671508875739646,0.06690807703190442,0.053772715022109355,0.4,6.938893903907228e-18,0.10000000000000003
0.0,0.02548517360723455,0.0682268674361675,0.04561644332578062,0.39622641509433953,0.05660377358490568,0.07547169811320753
0.0,0.09230889614364413,0.21277623036684293,0.31255635613188476,0.7586206896551725,0.06896551724137936,0.6551724137931036
0.0,0.034804142011834314,0.049453848999443974,0.03617792169297476,0.4754098360655738,0.03278688524590168,0.08196721311475416
0.0,0.0869259171597633,0.05491371113630642,0.09044557572615704,0.8,6.938893903907228e-18,0.4
0.0,0.0869525692930551,0.321902677013518,0.21887946145254805,0.631578947368421,0.05263157894736844,0.368421052631579
0.0,0.051240846893491135,0.17073127620451925,0.09851046544181018,0.46875000000000006,0.06250000000000003,0.21875000000000003
0.0,0.015567008547008583,0.07946957947736832,0.04452213334586119,0.5333333333333333,0.044444444444444474,0.02222222222222245
0.0,0.06585674556213017,0.3139468064486496,0.2386931549571958,0.7000000000000001,0.13333333333333322,0.2000000000000001
0.0,0.023021332918094033,0.11918944523254082,0.06494807467956953,0.3894736842105263,0.03157894736842105,0.057894736842105596
0.0,0.044850014792899406,0.1827545267275829,0.09652522937775831,0.45000000000000007,4.85722573273506e-17,0.15000000000000002
0.0,0.05108017751479289,0.3039370966915073,0.17885603595978106,0.6375,0.012499999999999997,0.1500000000000001
0.0,0.1255361604207758,0.4794140151258024,0.3141794959347511,0.4444444444444445,0.11111111111111116,0.2222222222222222
0.0,0.06578770385336988,0.25697211715462626,0.17773143250026593,0.3902439024390244,0.04878048780487809,0.17073170731707318
0.0,0.07684066198224851,0.19793508282207115,0.22322045047195674,0.59375,0.06250000000000003,0.46875
0.0,0.12200000000000001,0.8018217088624983,0.4238209048025234,1.0,6.938893903907228e-18,0.20000000000000004
0.0,0.16437928994082843,0.47282688894169644,0.4514209891153371,0.6666666666666667,6.938893903907228e-18,0.6666666666666666
0.0,0.09229800685144815,0.7246247323003625,0.31079862761228394,0.5263157894736843,0.15789473684210525,2.7755575615628914e-17
0.0,0.008245648422090742,0.019327472845739872,0.009490108157856805,0.5,0.152777777777778,0.006944444444444739
0.0,0.0001766906170752135,0.02641024877433224,0.0,0.3928571428571429,0.07142857142857145,0.03571428571428578
0.0,0.016825161120114614,0.05042179805761149,0.03701489133879285,0.414012738853503,0.06369426751592358,0.06369426751592361
0.0,0.11507751479289942,0.0735234763319182,0.4805612148649935,1.0,6.938893903907228e-18,1.0
1.0,0.07668639053254438,0.4133141828920018,0.19655226106910267,1.0,1.0,2.7755575615628914e-17
1.0,0.08056863905325443,0.4133141828920018,0.18072847931272293,1.0,6.938893903907228e-18,2.7755575615628914e-17
1.0,0.08953905325443785,0.10332854572300045,0.2998698221223666,1.0,6.938893903907228e-18,1.0
1.0,0.1089,0.10332854572300045,0.444274482926856,1.0,6.938893903907228e-18,1.0
1.0,0.01938520710059172,0.03197606327009741,0.02065748731659384,0.0,6.938893903907228e-18,2.7755575615628914e-17
1.0,0.1849,0.10332854572300045,0.7791193506074633,1.0,6.938893903907228e-18,1.0
1.0,0.08056863905325443,0.12752386889519496,0.2998698221223666,1.0,6.938893903907228e-18,2.7755575615628914e-17
1.0,0.0283792899408284,0.1736480712709109,0.07958898440503033,0.0,6.938893903907228e-18,2.7755575615628914e-17
1.0,0.08544378698224853,0.3128613189502983,0.2338905378503258,1.0,6.938893903907228e-18,2.7755575615628914e-17
1.0,0.1089,0.7350849321695409,0.2998698221223666,1.0,6.938893903907228e-18,2.7755575615628914e-17
1.0,0.09467455621301775,0.5100954755807798,0.31980981149980897,1.0,6.938893903907228e-18,1.0
1.0,0.057231360946745566,0.27424368549507017,0.16221304266388145,1.0,6.938893903907228e-18,2.7755575615628914e-17
1.0,0.08056863905325443,0.5277299504537563,0.31980981149980897,1.0,6.938893903907228e-18,1.0
1.0,0.03379940828402366,0.16402715540889035,0.09075672803266722,0.0,6.938893903907228e-18,2.7755575615628914e-17
1.0,0.12575207100591715,0.2621178420575753,0.19655226106910267,1.0,6.938893903907228e-18,1.0
1.0,0.02343254437869822,0.027748219091094223,0.03730226130340414,1.0,6.938893903907228e-18,2.7755575615628914e-17
1.0,0.09467455621301775,0.20463706165537648,0.3450056506811946,1.0,6.938893903907228e-18,1.0
1.0,0.03379940828402366,0.1941811699348645,0.07958898440503033,1.0,6.938893903907228e-18,1.0
1.0,0.013313609467455622,0.06256654244937394,0.03730226130340414,1.0,6.938893903907228e-18,2.7755575615628914e-17
1.0,0.02343254437869822,0.08850545835727847,0.06676426102465238,1.0,6.938893903907228e-18,1.0
1.0,0.02609467455621302,0.06856092137376754,0.05694609366621631,0.0,6.938893903907228e-18,1.0
1.0,0.015337869822485209,0.06856092137376754,0.045770852392639394,0.0,6.938893903907228e-18,2.7755575615628914e-17
1.0,0.07668639053254438,0.10332854572300045,0.05694609366621631,0.0,6.938893903907228e-18,2.7755575615628914e-17
1.0,0.0283792899408284,0.10332854572300045,0.06676426102465238,1.0,6.938893903907228e-18,2.7755575615628914e-17
1.0,0.0463905325443787,0.1109928763643769,0.1477388371767025,1.0,6.938893903907228e-18,1.0
1.0,0.1662130177514793,0.06256654244937394,0.492859228618086,1.0,6.938893903907228e-18,1.0
1.0,0.09898284023668638,0.05115926541384412,0.2998698221223666,1.0,6.938893903907228e-18,1.0
1.0,0.06059171597633136,0.03197606327009741,0.19655226106910267,0.0,6.938893903907228e-18,1.0
1.0,0.01,0.03197606327009741,0.02065748731659384,0.0,6.938893903907228e-18,2.7755575615628914e-17
1.0,0.06059171597633136,0.07482947147557624,0.2338905378503258,0.0,6.938893903907228e-18,1.0
1.0,0.05325443786982249,0.08850545835727847,0.18072847931272293,0.0,6.938893903907228e-18,2.7755575615628914e-17
1.0,0.12575207100591715,0.12752386889519496,0.1477388371767025,1.0,6.938893903907228e-18,1.0
1.0,0.09562366863905326,0.0,0.09075672803266722,1.0,6.938893903907228e-18,2.7755575615628914e-17
1.0,0.09898284023668638,0.1360231753950628,0.19655226106910267,1.0,6.938893903907228e-18,1.0
1.0,0.08544378698224853,0.8624567040375954,0.2998698221223666,0.0,6.938893903907228e-18,2.7755575615628914e-17
1.0,0.09467455621301775,1.0,0.27632346504778205,1.0,6.938893903907228e-18,2.7755575615628914e-17
1.0,0.03727869822485207,0.4285057585860472,0.13087288263466204,0.0,6.938893903907228e-18,2.7755575615628914e-17
1.0,0.03379940828402366,0.1360231753950628,0.13087288263466204,0.0,6.938893903907228e-18,2.7755575615628914e-17
1.0,0.0283792899408284,0.08167610357439344,0.045770852392639394,1.0,6.938893903907228e-18,2.7755575615628914e-17
1.0,0.1089,0.1109928763643769,0.3450056506811946,1.0,6.938893903907228e-18,1.0
1.0,0.02343254437869822,0.08167610357439344,0.06676426102465238,0.0,6.938893903907228e-18,1.0
1.0,0.12575207100591715,0.580807847640131,0.36629521632783774,1.0,6.938893903907228e-18,1.0
1.0,0.08544378698224853,0.580807847640131,0.31980981149980897,0.0,6.938893903907228e-18,2.7755575615628914e-17
1.0,0.017100591715976332,0.11929873357274218,0.05694609366621631,0.0,6.938893903907228e-18,2.7755575615628914e-17
1.0,0.0283792899408284,0.1360231753950628,0.07958898440503033,0.0,6.938893903907228e-18,2.7755575615628914e-17
1.0,0.050107100591715976,0.22687806548442618,0.13087288263466204,0.0,6.938893903907228e-18,1.0
1.0,0.02343254437869822,0.06856092137376754,0.07958898440503033,0.0,6.938893903907228e-18,2.7755575615628914e-17
1.0,0.057231360946745566,0.08850545835727847,0.16221304266388145,1.0,6.938893903907228e-18,1.0
1.0,0.03727869822485207,0.11929873357274218,0.09075672803266722,1.0,6.938893903907228e-18,1.0
1.0,0.08953905325443785,0.1736480712709109,0.27632346504778205,1.0,6.938893903907228e-18,1.0
1.0,0.03130177514792899,0.2502661697974958,0.10523093351984622,0.0,6.938893903907228e-18,2.7755575615628914e-17
