DATE,Average Wind Speed,PRCP,TMAX,TMIN,Fastest 2 minute wind speed,Fastest 5 second wind speed,Fog/Ice,Heavy/Freezing Fog,Thunder,Smoke/Haze,Power Outage
2011-02-02,11.41,0.14,25.0,4.0,25.9,35.1,1.0,0.0,0.0,1.0,0.0
2013-12-28,8.5,0.0,47.0,26.0,19.9,25.1,0.0,0.0,0.0,0.0,1.0
2017-06-07,9.17,0.0,74.0,45.0,23.0,30.0,0.0,0.0,0.0,0.0,0.0
2011-07-19,2.91,0.0,94.0,70.0,12.1,18.1,1.0,1.0,0.0,1.0,1.0
2017-04-06,16.33,0.44,42.0,34.0,32.0,42.9,0.0,0.0,0.0,0.0,0.0
2013-07-09,4.47,0.21,88.0,68.0,21.9,30.0,1.0,1.0,1.0,1.0,0.0
2011-09-08,9.17,0.0,65.0,58.0,16.1,21.0,1.0,0.0,0.0,0.0,1.0
2017-05-09,4.03,0.0,62.0,27.0,12.1,15.0,0.0,0.0,0.0,0.0,0.0
2015-07-02,4.92,0.0,75.0,49.0,13.0,17.0,0.0,0.0,0.0,0.0,0.0
2010-12-14,11.63,0.0,21.0,8.0,21.9,30.0,0.0,0.0,0.0,0.0,1.0
2010-07-15,5.82,0.11,90.0,65.0,36.0,59.1,1.0,0.0,1.0,0.0,1.0
2010-10-06,7.38,0.0,70.0,45.0,15.0,18.1,0.0,0.0,0.0,0.0,0.0
2017-01-17,8.05,0.35,46.0,32.0,18.1,23.9,0.0,0.0,0.0,0.0,0.0
2014-07-28,10.74,0.01,71.0,44.0,18.1,30.0,0.0,0.0,0.0,0.0,1.0
2014-04-15,12.53,0.08,34.0,23.0,23.0,33.1,0.0,0.0,0.0,0.0,1.0
2011-07-23,3.36,0.1,91.0,66.0,19.9,31.1,1.0,1.0,1.0,0.0,1.0
2011-12-03,4.47,0.0,46.0,29.0,10.1,15.0,1.0,0.0,0.0,0.0,0.0
2016-03-06,6.71,0.0,36.0,15.0,16.1,21.9,0.0,1.0,0.0,1.0,0.0
2013-04-20,11.41,0.0,42.0,27.0,23.0,29.1,1.0,0.0,0.0,0.0,1.0
2010-07-07,3.36,0.0,93.0,66.0,13.0,17.0,1.0,0.0,0.0,1.0,0.0
2017-03-14,13.65,0.0,23.0,8.0,28.0,36.9,0.0,0.0,0.0,0.0,0.0
2013-07-19,11.63,0.19,93.0,73.0,23.9,35.1,1.0,0.0,1.0,1.0,1.0
2011-07-20,4.25,0.0,96.0,67.0,21.0,46.1,1.0,1.0,0.0,1.0,1.0
2011-12-08,7.61,0.0,36.0,20.0,19.9,25.9,0.0,0.0,0.0,0.0,0.0
2012-04-17,5.82,0.0,57.0,33.0,14.1,25.9,0.0,0.0,0.0,0.0,1.0
2011-10-08,2.24,0.0,79.0,43.0,10.1,17.0,1.0,1.0,0.0,1.0,0.0
2011-05-28,6.04,0.3,68.0,54.0,18.1,23.9,1.0,0.0,0.0,0.0,1.0
2017-09-17,3.58,0.0,86.0,50.0,14.1,23.0,0.0,0.0,0.0,0.0,0.0
2017-07-08,8.05,0.0,77.0,54.0,14.1,23.9,0.0,0.0,0.0,0.0,1.0
2013-04-04,5.82,0.0,56.0,17.0,16.1,21.0,0.0,0.0,0.0,0.0,0.0
2010-06-22,8.05,0.8,85.0,65.0,23.0,32.0,1.0,0.0,1.0,1.0,1.0
2013-12-26,9.62,0.02,28.0,24.0,21.0,23.9,1.0,0.0,0.0,0.0,1.0
2011-05-29,3.58,0.03,78.0,58.0,17.0,25.1,1.0,0.0,1.0,0.0,1.0
2016-02-20,14.32,0.0,62.0,29.0,38.0,51.0,0.0,0.0,0.0,0.0,1.0
2010-05-03,9.17,0.02,74.0,49.0,23.0,32.0,0.0,0.0,1.0,0.0,0.0
2017-01-15,2.46,0.0,31.0,13.0,8.1,11.0,0.0,0.0,0.0,0.0,0.0
2017-12-06,14.54,0.0,39.0,24.0,28.0,35.1,0.0,0.0,0.0,0.0,1.0
2010-12-13,17.0,0.0,15.0,9.0,25.1,36.0,0.0,0.0,0.0,1.0,1.0
2011-08-23,5.14,0.01,82.0,47.0,15.0,70.0,1.0,1.0,1.0,0.0,1.0
2011-02-21,11.41,0.11,27.0,16.0,19.9,28.0,1.0,0.0,0.0,0.0,1.0
2015-12-22,5.14,0.0,0.0,0.0,14.1,19.9,0.0,0.0,0.0,0.0,0.0
2015-11-05,6.26,0.01,73.0,45.0,17.0,25.1,0.0,0.0,0.0,0.0,0.0
2012-04-10,11.41,0.02,44.0,34.0,21.9,32.0,0.0,0.0,0.0,1.0,0.0
2014-11-24,19.91,0.43,60.0,34.0,40.9,52.1,0.0,0.0,0.0,0.0,1.0
2011-07-05,4.25,0.0,88.0,56.0,12.1,17.0,1.0,1.0,0.0,0.0,1.0
2011-04-23,11.18,0.44,72.0,43.0,28.0,36.9,1.0,0.0,1.0,0.0,0.0
2017-03-11,9.17,0.0,30.0,12.0,18.1,23.9,0.0,0.0,0.0,0.0,1.0
2013-10-04,4.25,0.01,79.0,63.0,13.0,19.9,1.0,0.0,1.0,0.0,0.0
2014-07-03,7.16,0.06,73.0,51.0,19.9,25.9,0.0,0.0,0.0,0.0,1.0
2017-06-24,10.29,0.0,78.0,50.0,23.0,30.0,0.0,0.0,0.0,0.0,1.0
2017-03-23,6.71,0.15,43.0,17.0,16.1,21.0,0.0,0.0,0.0,0.0,0.0
2011-07-02,7.61,0.62,97.0,61.0,30.0,44.1,1.0,0.0,1.0,1.0,1.0
2011-08-12,2.91,0.0,80.0,51.0,12.1,25.1,1.0,1.0,0.0,1.0,0.0
2012-11-10,6.49,0.0,64.0,46.0,15.0,21.9,1.0,0.0,0.0,1.0,0.0
2010-05-08,0.0,0.03,0.0,0.0,35.1,42.9,1.0,0.0,0.0,0.0,0.0
2011-02-23,4.03,0.0,26.0,-7.0,12.1,15.0,1.0,0.0,0.0,0.0,1.0
2011-05-12,4.47,0.61,84.0,56.0,25.9,38.0,1.0,0.0,1.0,1.0,1.0
2013-04-19,18.57,0.35,59.0,36.0,35.1,42.9,1.0,0.0,0.0,0.0,1.0
2011-07-22,2.68,0.0,93.0,61.0,25.9,83.0,1.0,1.0,1.0,1.0,1.0
2012-07-11,3.36,0.0,86.0,51.0,13.0,23.0,0.0,0.0,0.0,0.0,0.0
2010-08-20,5.37,0.0,86.0,63.0,14.1,18.1,1.0,0.0,0.0,0.0,1.0
2017-10-05,4.47,0.0,78.0,42.0,16.1,27.1,0.0,0.0,0.0,0.0,0.0
2011-05-24,6.26,0.01,78.0,55.0,49.0,84.1,1.0,0.0,0.0,1.0,0.0
2015-10-07,5.14,0.0,75.0,44.0,17.0,23.9,0.0,0.0,0.0,0.0,0.0
2013-07-20,4.92,0.07,86.0,63.0,17.0,23.9,1.0,0.0,1.0,1.0,1.0
2017-07-13,8.5,0.21,82.0,65.0,16.1,21.0,0.0,0.0,0.0,0.0,0.0
2010-06-19,8.5,0.01,84.0,61.0,19.9,23.9,1.0,0.0,0.0,1.0,1.0
2010-10-15,7.38,0.0,62.0,36.0,18.1,46.1,0.0,0.0,0.0,0.0,0.0
2012-06-15,3.8,0.0,86.0,50.0,12.1,18.1,0.0,0.0,0.0,0.0,0.0
2010-12-12,11.63,0.55,36.0,15.0,30.0,38.9,1.0,0.0,0.0,1.0,1.0
2016-08-28,4.47,0.0,86.0,69.0,15.0,30.0,0.0,0.0,0.0,0.0,0.0
2015-11-18,13.65,0.16,64.0,56.0,25.1,36.0,0.0,0.0,0.0,0.0,1.0
2011-11-10,9.84,0.01,45.0,31.0,25.1,32.0,1.0,0.0,0.0,0.0,0.0
2012-02-03,3.13,0.0,39.0,21.0,25.1,181.0,1.0,0.0,0.0,1.0,0.0
2010-07-25,6.04,0.97,82.0,60.0,23.0,36.9,0.0,0.0,1.0,0.0,1.0
2013-09-13,8.95,0.0,62.0,35.0,18.1,23.9,0.0,0.0,0.0,0.0,1.0
2015-08-02,10.51,0.82,90.0,54.0,28.0,38.9,0.0,0.0,0.0,0.0,1.0
2010-11-19,8.28,0.0,45.0,24.0,23.9,32.0,0.0,0.0,0.0,0.0,0.0
2014-08-26,4.92,0.48,90.0,65.0,29.1,40.0,0.0,0.0,0.0,0.0,1.0
2015-02-06,11.63,0.0,29.0,6.0,21.9,28.0,0.0,0.0,0.0,0.0,0.0
2016-10-09,5.82,0.0,61.0,31.0,14.1,25.9,0.0,0.0,0.0,0.0,0.0
2011-07-12,7.38,0.0,89.0,64.0,17.0,31.1,1.0,1.0,0.0,0.0,1.0
2015-11-21,9.17,0.09,38.0,29.0,18.1,23.9,0.0,0.0,0.0,0.0,1.0
2014-08-01,2.91,0.01,83.0,53.0,13.0,19.9,0.0,0.0,0.0,0.0,0.0
2017-07-25,3.36,0.0,81.0,41.0,10.1,14.1,0.0,0.0,0.0,0.0,0.0
2011-12-09,6.71,0.05,31.0,10.0,15.0,25.1,1.0,0.0,0.0,0.0,0.0
2015-11-23,6.71,0.01,32.0,14.0,15.0,19.0,0.0,0.0,0.0,0.0,1.0
2013-01-20,20.22,0.0,18.0,4.0,42.9,55.0,1.0,1.0,0.0,1.0,1.0
2014-08-05,4.25,0.27,79.0,57.0,15.0,18.1,0.0,0.0,0.0,0.0,0.0
2014-09-04,10.93,0.2,87.0,52.0,19.9,25.9,0.0,0.0,0.0,0.0,1.0
2014-11-25,14.99,0.0,34.0,29.0,30.0,38.9,0.0,0.0,0.0,0.0,1.0
2013-06-28,4.03,1.76,78.0,60.0,23.9,40.9,1.0,1.0,1.0,1.0,1.0
2014-03-19,10.96,0.11,48.0,34.0,28.0,36.9,0.0,0.0,0.0,0.0,0.0
2015-05-23,3.8,0.0,76.0,32.0,14.1,19.0,0.0,0.0,0.0,0.0,0.0
2015-07-09,4.92,0.01,75.0,56.0,13.0,19.0,0.0,0.0,0.0,0.0,0.0
2012-04-18,6.04,0.0,62.0,33.0,15.0,28.0,0.0,0.0,0.0,0.0,1.0
2017-08-27,4.25,0.0,78.0,54.0,12.1,15.0,0.0,0.0,0.0,0.0,0.0
2011-09-04,8.72,0.0,76.0,60.0,33.1,87.0,0.0,0.0,0.0,0.0,1.0
2010-09-22,5.37,0.46,77.0,64.0,19.9,42.9,1.0,0.0,1.0,1.0,1.0
2014-08-20,5.37,0.02,83.0,62.0,18.1,23.0,0.0,0.0,0.0,0.0,0.0
2015-06-28,9.84,0.01,77.0,54.0,21.9,32.0,0.0,0.0,0.0,0.0,1.0
2013-08-27,5.82,0.64,84.0,69.0,19.9,29.1,1.0,0.0,1.0,1.0,0.0
2014-11-09,7.61,0.0,43.0,26.0,19.9,23.9,0.0,0.0,0.0,0.0,0.0
2013-01-23,5.82,0.0,17.0,1.0,16.1,19.9,1.0,0.0,0.0,0.0,1.0
2015-11-22,8.05,0.0,32.0,11.0,17.0,21.9,0.0,0.0,0.0,0.0,1.0
2016-04-13,4.92,0.0,50.0,28.0,14.1,28.0,0.0,0.0,0.0,0.0,0.0
2013-02-12,11.41,0.0,34.0,27.0,21.9,31.1,0.0,0.0,0.0,0.0,0.0
2012-04-16,18.57,0.02,69.0,41.0,36.9,66.0,0.0,0.0,0.0,0.0,1.0
2014-11-17,12.08,0.0,30.0,13.0,25.1,32.0,0.0,0.0,0.0,0.0,0.0
2010-04-30,10.51,0.0,80.0,49.0,23.0,33.1,0.0,0.0,0.0,0.0,0.0
2011-08-22,3.58,0.0,76.0,46.0,15.0,19.9,1.0,1.0,0.0,1.0,1.0
2017-07-07,7.61,0.98,83.0,61.0,23.9,34.0,0.0,0.0,0.0,0.0,1.0
2017-10-17,7.61,0.0,69.0,31.0,21.9,29.1,0.0,0.0,0.0,0.0,0.0
2012-12-31,10.51,0.0,35.0,9.0,21.0,25.1,1.0,0.0,0.0,1.0,0.0
2017-03-08,22.15,0.0,53.0,35.0,47.0,62.0,0.0,0.0,0.0,0.0,1.0
2015-08-04,6.71,0.0,81.0,50.0,17.0,45.0,0.0,0.0,0.0,0.0,1.0
2011-08-26,1.57,0.0,78.0,49.0,12.1,132.0,1.0,1.0,0.0,1.0,0.0
2017-06-09,3.8,0.02,80.0,46.0,16.1,19.9,0.0,0.0,0.0,0.0,0.0
2014-06-30,9.17,0.0,86.0,71.0,17.0,23.0,0.0,0.0,0.0,0.0,0.0
2015-02-04,8.28,0.04,30.0,14.0,18.1,25.9,0.0,0.0,0.0,0.0,0.0
2011-07-24,2.91,0.0,89.0,66.0,12.1,59.1,1.0,1.0,0.0,0.0,1.0
2012-07-07,8.05,0.0,101.0,71.0,19.9,47.0,1.0,0.0,1.0,0.0,1.0
2012-11-01,11.41,0.0,50.0,38.0,21.0,28.0,0.0,0.0,0.0,0.0,1.0
2010-10-27,17.0,0.0,69.0,49.0,36.9,48.1,0.0,0.0,0.0,0.0,1.0
2011-07-21,10.29,0.0,101.0,67.0,21.9,36.0,1.0,0.0,0.0,0.0,1.0
2015-12-15,8.95,0.0,47.0,40.0,19.9,23.9,0.0,0.0,0.0,0.0,0.0
2017-03-07,15.21,0.21,58.0,33.0,32.0,42.1,0.0,0.0,0.0,0.0,1.0
2013-05-05,7.61,0.0,72.0,50.0,17.0,21.9,0.0,0.0,0.0,0.0,0.0
2013-12-25,8.28,0.0,25.0,5.0,16.1,21.9,1.0,0.0,0.0,1.0,1.0
2014-08-23,5.59,0.0,81.0,67.0,12.1,23.9,0.0,0.0,0.0,0.0,0.0
2013-09-28,3.8,0.01,77.0,45.0,13.0,19.9,1.0,1.0,0.0,0.0,0.0
2015-03-08,7.61,0.0,41.0,20.0,16.1,19.9,0.0,0.0,0.0,0.0,0.0
2011-03-23,12.3,0.09,34.0,27.0,19.9,28.0,1.0,0.0,0.0,0.0,1.0
2013-04-21,5.82,0.0,47.0,22.0,15.0,18.1,0.0,0.0,0.0,0.0,1.0
2013-11-21,6.04,0.29,47.0,39.0,16.1,21.0,1.0,0.0,0.0,0.0,1.0
2011-05-10,9.4,0.02,71.0,52.0,17.0,23.0,0.0,0.0,1.0,0.0,1.0
2015-08-31,4.03,0.0,84.0,58.0,14.1,27.1,0.0,0.0,0.0,0.0,0.0
2017-03-10,15.21,0.0,35.0,14.0,23.9,34.0,0.0,0.0,0.0,0.0,1.0
2013-09-11,6.49,0.1,90.0,64.0,32.0,38.9,1.0,0.0,1.0,1.0,1.0
2011-08-27,5.82,0.0,84.0,53.0,17.0,23.0,1.0,1.0,0.0,0.0,0.0
2017-12-25,14.54,0.0,21.0,5.0,28.0,36.9,1.0,0.0,0.0,1.0,0.0
2017-02-12,13.87,0.2,43.0,33.0,33.1,44.1,0.0,0.0,0.0,0.0,0.0
2013-09-26,2.91,0.0,76.0,38.0,10.1,14.1,1.0,1.0,0.0,0.0,0.0
2017-11-18,8.95,1.54,45.0,34.0,23.0,33.1,0.0,0.0,0.0,0.0,0.0
2012-10-19,8.05,0.18,57.0,45.0,19.9,25.1,1.0,0.0,0.0,0.0,0.0
2015-06-27,16.11,0.47,64.0,56.0,25.9,40.0,0.0,0.0,0.0,0.0,1.0
2013-02-03,6.71,0.0,22.0,-4.0,19.9,25.1,1.0,1.0,0.0,1.0,0.0
2014-11-27,8.95,0.0,35.0,21.0,16.1,21.9,0.0,0.0,0.0,0.0,1.0
2014-02-05,12.3,0.04,26.0,2.0,21.9,29.1,1.0,0.0,0.0,1.0,0.0
2017-04-13,7.61,0.0,52.0,44.0,15.0,19.0,0.0,0.0,0.0,0.0,0.0
2017-06-23,7.83,0.26,80.0,56.0,17.0,23.0,0.0,0.0,0.0,0.0,1.0
2011-08-21,6.04,0.0,78.0,53.0,19.9,25.1,1.0,0.0,0.0,0.0,1.0
2017-10-03,6.04,0.0,85.0,40.0,17.0,25.1,0.0,0.0,0.0,0.0,0.0
2012-11-29,5.59,0.0,47.0,17.0,16.1,25.1,0.0,0.0,0.0,0.0,0.0
2011-06-16,4.92,0.08,76.0,53.0,19.9,25.1,1.0,0.0,1.0,1.0,0.0
2010-08-23,7.38,0.0,76.0,65.0,15.0,19.9,0.0,0.0,0.0,0.0,1.0
2017-03-09,8.72,0.0,43.0,28.0,19.9,27.1,0.0,0.0,0.0,0.0,1.0
2015-12-24,12.75,0.0,0.0,0.0,31.1,40.9,0.0,0.0,0.0,0.0,1.0
2013-03-30,4.7,0.0,56.0,20.0,17.0,21.9,0.0,0.0,0.0,0.0,0.0
2012-03-25,9.62,0.01,72.0,48.0,21.0,29.1,1.0,0.0,0.0,0.0,0.0
2015-08-03,10.96,0.2,82.0,54.0,21.9,31.1,0.0,0.0,0.0,0.0,1.0
2012-04-22,12.97,0.0,53.0,34.0,23.9,35.1,0.0,0.0,0.0,0.0,0.0
2012-05-31,6.71,0.14,63.0,49.0,18.1,25.1,1.0,0.0,0.0,0.0,0.0
2010-07-16,7.38,0.0,86.0,61.0,17.0,21.9,0.0,0.0,0.0,0.0,1.0
2012-03-02,10.07,0.5,49.0,34.0,38.9,53.9,1.0,0.0,0.0,0.0,1.0
2012-10-31,12.97,0.0,42.0,36.0,19.9,31.1,1.0,0.0,0.0,0.0,1.0
2011-07-11,4.7,0.54,82.0,63.0,42.9,70.0,1.0,1.0,1.0,1.0,1.0
2012-10-06,8.95,0.0,49.0,35.0,23.0,29.1,1.0,0.0,0.0,0.0,0.0
2015-09-05,4.47,0.06,80.0,63.0,19.9,25.1,0.0,0.0,0.0,0.0,0.0
2016-06-20,10.29,0.0,89.0,60.0,28.0,33.1,0.0,0.0,0.0,0.0,0.0
2012-10-30,21.7,0.08,41.0,35.0,32.0,46.1,1.0,0.0,0.0,0.0,1.0
2014-10-08,11.18,0.0,62.0,35.0,31.1,42.9,0.0,0.0,0.0,0.0,0.0
2016-09-13,5.59,0.0,81.0,46.0,16.1,21.9,0.0,0.0,0.0,0.0,0.0
2017-12-05,19.46,0.01,58.0,28.0,38.0,52.1,0.0,0.0,0.0,0.0,1.0
2015-11-19,16.11,0.0,60.0,36.0,29.1,38.9,0.0,0.0,0.0,0.0,1.0
2011-07-06,6.49,0.0,89.0,59.0,21.9,28.0,0.0,0.0,0.0,0.0,1.0
2014-07-01,10.07,0.57,83.0,66.0,28.0,35.1,0.0,0.0,0.0,0.0,1.0
2012-06-14,4.7,0.0,80.0,43.0,16.1,79.0,0.0,0.0,0.0,0.0,0.0
2011-09-03,6.71,0.0,94.0,66.0,35.1,42.9,1.0,1.0,1.0,0.0,1.0
2016-02-19,18.79,0.0,61.0,31.0,44.1,53.9,0.0,0.0,0.0,0.0,1.0
2014-04-14,17.67,0.08,69.0,30.0,38.9,55.0,0.0,0.0,0.0,0.0,1.0
2015-09-03,5.59,0.58,88.0,65.0,15.0,21.0,0.0,0.0,0.0,0.0,1.0
2014-11-28,6.26,0.0,28.0,9.0,13.0,17.0,0.0,0.0,0.0,0.0,0.0
2016-08-07,7.38,0.0,85.0,56.0,15.0,19.0,0.0,0.0,0.0,0.0,0.0
2013-09-14,2.01,0.0,68.0,32.0,12.1,16.1,1.0,1.0,0.0,0.0,1.0
2012-12-08,7.38,0.17,42.0,34.0,15.0,18.1,1.0,0.0,0.0,0.0,0.0
2014-12-25,12.3,0.0,39.0,32.0,23.0,31.1,0.0,0.0,0.0,0.0,0.0
2017-05-25,8.5,0.29,64.0,58.0,16.1,19.9,0.0,0.0,0.0,0.0,0.0
2011-01-06,8.05,0.02,29.0,20.0,19.9,25.9,1.0,0.0,0.0,1.0,0.0
2017-03-16,8.05,0.0,39.0,15.0,17.0,23.9,0.0,0.0,0.0,0.0,0.0
2010-06-18,6.71,0.77,88.0,52.0,36.0,46.1,1.0,0.0,1.0,1.0,1.0
2014-11-26,3.58,0.0,33.0,28.0,10.1,14.1,0.0,0.0,0.0,0.0,1.0
2010-06-03,4.92,0.0,77.0,58.0,14.1,18.1,1.0,1.0,0.0,0.0,0.0
2014-04-13,11.41,0.0,78.0,50.0,25.1,36.0,0.0,0.0,0.0,0.0,1.0
2012-07-04,7.16,0.0,102.0,66.0,19.9,33.1,1.0,0.0,0.0,1.0,1.0
2010-09-21,7.61,0.0,88.0,56.0,23.0,30.0,0.0,0.0,0.0,0.0,1.0
2017-01-20,5.37,0.09,41.0,32.0,12.1,18.1,0.0,0.0,0.0,0.0,0.0
2015-12-26,7.83,0.06,43.0,31.0,21.9,27.1,0.0,0.0,0.0,0.0,1.0
2011-07-18,5.14,0.14,95.0,69.0,23.0,31.1,1.0,0.0,1.0,1.0,1.0
2013-02-19,19.24,0.18,46.0,18.0,32.0,38.9,1.0,0.0,0.0,0.0,0.0
2011-09-07,12.08,0.0,61.0,53.0,21.9,29.1,1.0,0.0,0.0,0.0,1.0
2014-06-19,6.04,0.0,77.0,64.0,12.1,19.0,0.0,0.0,0.0,0.0,1.0
2015-03-05,7.38,0.0,18.0,-8.0,19.9,30.0,0.0,0.0,0.0,0.0,0.0
2010-11-26,17.9,0.0,31.0,24.0,30.0,36.9,0.0,0.0,0.0,0.0,0.0
2017-07-15,5.82,0.0,80.0,55.0,13.0,18.1,0.0,0.0,0.0,0.0,0.0
2017-05-19,8.95,0.02,60.0,45.0,18.1,23.9,0.0,0.0,0.0,0.0,0.0
2011-07-03,4.92,0.01,88.0,66.0,14.1,23.0,1.0,0.0,0.0,1.0,1.0
2011-10-28,1.12,0.0,52.0,25.0,30.0,117.0,1.0,0.0,0.0,1.0,0.0
2011-09-05,12.08,0.0,63.0,52.0,19.9,23.9,1.0,0.0,0.0,0.0,1.0
2014-12-31,13.65,0.0,23.0,7.0,25.9,34.0,0.0,0.0,0.0,0.0,0.0
2015-10-10,3.8,0.0,66.0,32.0,13.0,17.0,0.0,0.0,0.0,0.0,0.0
2014-09-17,2.24,0.0,68.0,31.0,14.1,23.0,0.0,0.0,0.0,0.0,1.0
2013-06-27,3.36,1.4,82.0,64.0,19.9,25.1,1.0,0.0,1.0,0.0,1.0
2011-02-22,7.38,0.0,24.0,1.0,16.1,23.0,0.0,0.0,0.0,0.0,1.0
2014-07-02,9.62,0.01,78.0,59.0,19.9,25.9,0.0,0.0,0.0,0.0,1.0
2011-01-25,6.04,0.0,30.0,25.0,16.1,19.9,1.0,0.0,0.0,1.0,0.0
2010-08-19,5.14,0.0,86.0,55.0,16.1,19.9,1.0,1.0,0.0,1.0,1.0
2012-03-05,6.49,0.01,32.0,22.0,17.0,29.1,1.0,0.0,0.0,0.0,1.0
2010-11-09,2.24,0.0,60.0,27.0,8.9,12.1,1.0,1.0,0.0,1.0,0.0
2014-08-03,3.8,0.0,85.0,52.0,12.1,15.0,0.0,0.0,0.0,0.0,0.0
2014-12-18,8.95,0.0,32.0,28.0,16.1,21.0,0.0,0.0,0.0,0.0,0.0
2011-02-20,6.93,0.7,32.0,16.0,15.0,21.9,1.0,1.0,0.0,0.0,1.0
2014-06-17,10.29,0.0,90.0,61.0,23.9,32.0,0.0,0.0,0.0,0.0,1.0
2013-12-22,8.28,0.23,38.0,33.0,23.9,29.1,1.0,0.0,0.0,0.0,1.0
2013-09-12,8.72,0.0,80.0,56.0,29.1,62.0,1.0,1.0,0.0,0.0,1.0
2015-03-27,11.18,0.0,33.0,16.0,19.9,23.9,0.0,0.0,0.0,0.0,0.0
2015-12-25,3.13,0.0,47.0,26.0,13.0,16.1,0.0,0.0,0.0,0.0,1.0
2010-03-03,8.05,0.0,40.0,26.0,15.0,21.9,0.0,0.0,0.0,0.0,0.0
2015-08-23,5.82,0.18,80.0,50.0,19.9,29.1,0.0,0.0,0.0,0.0,0.0
2013-09-25,4.47,0.0,72.0,41.0,12.1,15.0,1.0,1.0,0.0,0.0,0.0
2013-10-14,4.7,0.0,65.0,39.0,10.1,36.0,0.0,0.0,0.0,0.0,0.0
2015-04-16,6.49,0.01,61.0,44.0,15.0,21.0,1.0,0.0,0.0,0.0,0.0
2014-06-20,5.59,0.15,68.0,56.0,13.0,18.1,0.0,0.0,0.0,0.0,1.0
2016-05-22,6.93,0.0,72.0,40.0,17.0,23.0,0.0,0.0,0.0,0.0,0.0
2012-06-29,5.59,0.0,92.0,57.0,16.1,23.0,1.0,0.0,0.0,1.0,1.0
2016-09-17,5.82,0.09,75.0,61.0,14.1,25.9,0.0,0.0,0.0,0.0,0.0
2012-10-29,19.24,0.0,43.0,37.0,32.0,42.9,0.0,0.0,0.0,0.0,1.0
2014-04-12,5.82,0.07,71.0,35.0,21.9,30.0,0.0,0.0,0.0,0.0,1.0
2017-03-27,6.71,0.0,60.0,48.0,23.0,25.9,0.0,0.0,0.0,0.0,0.0
2012-03-04,8.05,0.0,37.0,25.0,18.1,23.0,1.0,0.0,0.0,0.0,1.0
2010-07-26,2.01,0.0,82.0,55.0,13.0,32.0,0.0,0.0,0.0,0.0,1.0
2014-05-31,4.92,0.0,80.0,48.0,14.1,19.0,0.0,0.0,0.0,0.0,0.0
2014-07-27,7.38,0.51,88.0,58.0,32.0,49.0,0.0,0.0,0.0,0.0,1.0
2013-09-15,2.24,0.05,66.0,38.0,12.1,14.1,0.0,0.0,0.0,0.0,1.0
2016-07-08,6.71,0.29,89.0,62.0,32.0,38.0,0.0,0.0,0.0,0.0,1.0
2010-07-18,6.49,0.0,88.0,58.0,28.0,38.9,0.0,0.0,1.0,0.0,1.0
2010-01-15,5.37,0.0,37.0,31.0,16.1,21.9,1.0,0.0,0.0,1.0,0.0
2016-05-25,7.16,0.0,83.0,51.0,18.1,23.9,0.0,0.0,0.0,0.0,0.0
2010-06-21,4.7,0.0,81.0,57.0,12.1,21.0,1.0,0.0,0.0,1.0,1.0
2016-10-10,2.24,0.0,62.0,30.0,10.1,21.0,0.0,0.0,0.0,0.0,0.0
2017-06-22,5.37,0.0,88.0,51.0,23.9,33.1,0.0,0.0,0.0,0.0,1.0
2014-05-16,6.93,0.0,55.0,34.0,13.0,16.1,0.0,0.0,0.0,0.0,0.0
2014-02-23,11.18,0.0,31.0,15.0,23.0,29.1,0.0,0.0,0.0,0.0,0.0
2013-11-18,20.58,0.0,47.0,35.0,35.1,47.0,0.0,0.0,0.0,0.0,1.0
2014-02-20,7.38,0.78,44.0,22.0,18.1,25.9,1.0,1.0,1.0,1.0,0.0
2017-02-08,10.74,0.0,38.0,23.0,23.9,31.1,0.0,0.0,0.0,0.0,0.0
2013-11-17,17.22,0.81,63.0,47.0,42.9,59.1,1.0,0.0,1.0,0.0,1.0
2011-12-06,8.5,0.0,34.0,30.0,40.9,123.9,1.0,0.0,0.0,0.0,0.0
2017-04-11,10.96,0.23,64.0,44.0,23.9,31.1,0.0,0.0,0.0,0.0,0.0
2012-01-03,10.51,0.0,24.0,15.0,19.9,28.0,0.0,0.0,0.0,0.0,0.0
2011-02-12,13.42,0.0,33.0,25.0,25.9,35.1,1.0,0.0,0.0,1.0,0.0
2010-07-17,9.17,0.0,89.0,59.0,21.0,25.9,0.0,0.0,0.0,0.0,1.0
2012-04-19,5.82,0.01,72.0,42.0,15.0,18.1,0.0,0.0,0.0,0.0,1.0
2010-08-21,2.24,0.32,74.0,62.0,8.9,19.9,1.0,1.0,0.0,1.0,1.0
2013-12-27,6.04,0.0,40.0,25.0,19.9,36.9,1.0,0.0,0.0,0.0,1.0
2013-10-23,7.16,0.0,50.0,27.0,18.1,21.9,1.0,0.0,0.0,0.0,0.0
2015-06-29,4.92,0.0,74.0,53.0,15.0,23.9,0.0,0.0,0.0,0.0,1.0
2012-02-16,5.82,0.12,44.0,28.0,29.1,40.9,1.0,0.0,0.0,0.0,0.0
2014-05-22,11.18,0.0,72.0,54.0,18.1,25.1,0.0,0.0,0.0,0.0,0.0
2016-02-09,12.3,0.05,32.0,24.0,21.0,28.0,0.0,0.0,0.0,0.0,0.0
2017-06-25,9.84,0.01,72.0,46.0,23.9,34.0,0.0,0.0,0.0,0.0,1.0
2011-09-06,10.51,0.0,68.0,51.0,19.9,25.9,0.0,0.0,0.0,0.0,1.0
2012-03-03,20.8,0.0,37.0,28.0,38.9,81.0,0.0,0.0,0.0,0.0,1.0
2017-01-30,6.71,0.04,25.0,16.0,12.1,17.0,0.0,0.0,0.0,0.0,0.0
2016-07-09,8.28,0.0,77.0,63.0,16.1,30.0,0.0,0.0,0.0,0.0,1.0
2016-01-06,4.03,0.0,37.0,7.0,12.1,15.0,0.0,0.0,0.0,0.0,0.0
2015-03-24,6.71,0.0,43.0,16.0,12.1,16.1,0.0,0.0,0.0,0.0,0.0
2015-06-30,4.7,0.01,75.0,62.0,12.1,15.0,0.0,0.0,0.0,0.0,1.0
2013-11-19,5.82,0.0,42.0,24.0,18.1,23.0,0.0,0.0,0.0,0.0,1.0
2010-08-22,8.28,0.0,82.0,65.0,16.1,21.9,1.0,0.0,0.0,0.0,1.0
2012-11-02,10.29,0.0,43.0,36.0,19.9,25.9,0.0,0.0,0.0,0.0,1.0
2015-03-09,4.92,0.0,45.0,17.0,13.0,17.0,0.0,0.0,0.0,0.0,0.0
2013-12-23,10.29,0.0,34.0,19.0,23.0,28.0,1.0,0.0,0.0,0.0,1.0
2011-03-25,6.26,0.0,33.0,16.0,15.0,21.0,0.0,0.0,0.0,0.0,0.0
2013-11-20,5.37,0.0,45.0,19.0,18.1,25.1,0.0,0.0,0.0,0.0,1.0
2010-08-28,3.36,0.0,83.0,49.0,12.1,17.0,1.0,0.0,0.0,0.0,0.0
2011-03-24,9.4,0.0,35.0,22.0,19.9,23.0,0.0,0.0,0.0,0.0,1.0
2017-06-03,3.58,0.0,78.0,45.0,13.0,28.0,0.0,0.0,0.0,0.0,0.0
2012-10-12,4.7,0.0,53.0,26.0,15.0,21.9,1.0,0.0,0.0,1.0,0.0
2013-01-21,8.72,0.01,18.0,4.0,21.0,35.1,1.0,1.0,0.0,1.0,1.0
2017-06-21,3.58,0.0,76.0,49.0,10.1,25.9,0.0,0.0,0.0,0.0,0.0
2013-12-24,7.83,0.0,21.0,6.0,17.0,23.0,0.0,0.0,0.0,1.0,1.0
2010-07-24,7.38,0.0,93.0,71.0,16.1,21.9,1.0,0.0,1.0,0.0,1.0
2014-10-19,5.59,0.0,53.0,25.0,13.0,16.1,0.0,0.0,0.0,0.0,0.0
2017-02-23,9.4,0.0,66.0,41.0,16.1,21.0,0.0,0.0,0.0,0.0,0.0
2014-11-19,12.08,0.01,29.0,12.0,23.0,30.0,0.0,0.0,0.0,0.0,0.0
2013-01-22,8.5,0.0,10.0,-8.0,17.0,23.0,1.0,0.0,0.0,1.0,1.0
2013-04-18,10.74,0.71,78.0,45.0,36.9,47.0,1.0,0.0,1.0,1.0,1.0
2017-10-14,4.92,0.35,66.0,58.0,14.1,18.1,0.0,0.0,0.0,0.0,0.0
2017-10-27,7.61,0.37,57.0,38.0,23.9,25.9,0.0,0.0,0.0,0.0,0.0
2011-06-27,6.26,0.0,82.0,53.0,17.0,25.9,0.0,0.0,0.0,0.0,0.0
2015-08-30,2.68,0.03,83.0,63.0,12.1,15.0,0.0,0.0,0.0,0.0,0.0
2017-08-12,9.17,0.0,80.0,59.0,18.1,23.0,0.0,0.0,0.0,0.0,0.0
2010-10-28,15.88,0.01,54.0,41.0,38.0,53.0,0.0,0.0,0.0,0.0,1.0
2010-06-20,6.04,0.0,80.0,58.0,15.0,21.9,1.0,0.0,0.0,1.0,1.0
2012-04-05,9.4,0.0,50.0,34.0,18.1,25.1,0.0,0.0,0.0,0.0,0.0
2016-05-12,7.38,0.59,77.0,50.0,23.0,31.1,0.0,0.0,0.0,0.0,0.0
2010-07-19,5.82,0.62,83.0,64.0,29.1,36.0,1.0,0.0,1.0,0.0,1.0
2016-11-24,6.26,0.01,45.0,37.0,15.0,19.9,0.0,0.0,0.0,0.0,0.0
2010-05-22,2.46,0.02,75.0,57.0,12.1,15.0,1.0,0.0,0.0,1.0,0.0
2011-08-20,3.13,0.0,83.0,54.0,28.0,44.1,1.0,1.0,1.0,0.0,1.0
2015-11-20,10.51,0.0,46.0,29.0,25.1,32.0,0.0,0.0,0.0,0.0,1.0
2011-07-04,2.68,0.0,86.0,61.0,10.1,17.0,1.0,0.0,0.0,0.0,1.0
2012-06-28,6.71,0.0,102.0,57.0,23.0,25.9,0.0,0.0,0.0,0.0,1.0
2012-07-21,3.8,0.0,91.0,48.0,15.0,19.9,1.0,0.0,0.0,0.0,0.0
2013-08-23,4.03,0.0,82.0,56.0,12.1,23.9,0.0,0.0,0.0,0.0,0.0
2015-05-28,3.8,0.0,76.0,47.0,13.0,17.0,0.0,0.0,0.0,0.0,0.0
2010-12-15,6.04,0.0,23.0,2.0,15.0,19.9,1.0,0.0,0.0,0.0,1.0
