Power Outage,5 second wind speed squared,Avg Wind Speed Squared,2 min wind speed squared,Fog/Ice fog,Heavy freezing fog,Thunder
0.0,0.03224179706333553,0.18977058902964708,0.0926694431244737,0.46666666666666673,0.029629629629629547,0.03703703703703724
0.0,0.07444970414201182,0.32251389415626736,0.1769168094762226,0.5555555555555556,0.03703703703703704,0.33333333333333337
0.0,1.0,0.1736480712709109,0.19021314181138305,0.0,0.0,2.7755575615628914e-17
0.0,0.015467057910563613,0.049129871466566666,0.028345367825276788,0.4549180327868851,0.04918032786885248,0.06147540983606593
0.0,0.10995325443786984,0.19012189760065287,0.35453327341234186,0.8333333333333334,0.16666666666666669,0.7499999999999998
0.0,0.05124596365173289,0.18653751542566915,0.1097908929808934,0.5,0.03571428571428573,0.19642857142857148
0.0,0.3692899408284024,0.09593838625903911,0.04950549623960216,0.0,0.0,2.7755575615628914e-17
0.0,0.2736094674556213,0.04089908886233406,0.05940112791931467,1.0,1.0,2.7755575615628914e-17
0.0,0.2166041420118343,0.41530773023935313,0.7235721979046321,0.5,0.0,0.5
0.0,0.16011065088757395,0.3454329775622425,0.5289820380753152,0.5,0.0,0.33333333333333326
0.0,0.09662430262045649,0.26545505476201064,0.21371425497905902,0.7857142857142858,6.938893903907228e-18,0.5714285714285713
0.0,0.0732422654268808,0.5853595774278734,0.23289017878059,0.761904761904762,0.04761904761904763,2.7755575615628914e-17
0.0,0.023497153160474363,0.1144972491973648,0.05470235409746357,0.39914163090128774,0.0386266094420601,0.05579399141630932
0.0,0.011663675937752577,0.03438306276433141,0.012465184102612832,0.4537444933920705,0.0352422907488987,0.030837004405286736
0.0,0.03819753598869558,0.1665406370946628,0.086487298937245,0.41791044776119407,0.02985074626865674,0.15671641791044785
0.0,0.05128916902495498,0.41377437152901286,0.17489903697550746,0.5652173913043479,0.021739130434782646,0.0434782608695653
0.0,0.05934542764927379,0.23162196755532924,0.14730625212720258,0.5757575757575758,0.015151515151515152,0.3030303030303032
0.0,0.045110102205486835,0.23178473823875043,0.13904037065667274,0.5454545454545455,0.03636363636363639,0.1454545454545455
0.0,0.09482473372781065,0.7213558104604804,0.29797086541825335,0.4666666666666667,0.13333333333333336,0.0
0.0,0.1994618343195266,0.13953401096288182,0.1139650137867177,0.5,0.0,2.7755575615628914e-17
0.0,0.0511328748174902,0.1977336354841743,0.1584323257503591,0.5974025974025974,0.012987012987013005,0.2857142857142858
0.0,0.05931613563950842,0.3582032216725606,0.184525268046762,0.44230769230769235,1.3877787807814457e-17,0.11538461538461538
0.0,0.12742758875739643,0.8078075624228009,0.4486354472226308,0.875,0.12500000000000003,0.12500000000000003
0.0,0.036940940348632656,0.047561740894198096,0.026470526857924066,0.43243243243243246,0.027027027027027063,0.08108108108108111
0.0,0.06197189349112426,0.10108926396085018,0.05768762315919646,0.30000000000000004,0.0,0.20000000000000004
0.0,0.08213949704142011,0.05146735394507684,0.06531715896265561,0.75,0.0,0.25
0.0,0.07848925807919889,0.3211372622182161,0.28493852165777617,0.5384615384615385,2.7755575615628914e-17,0.3846153846153846
0.0,0.09699440145653163,0.1639369124800241,0.3137697542401607,0.6923076923076924,6.938893903907228e-18,0.846153846153846
0.0,0.01733126093841157,0.09483756672186451,0.04167358982178091,0.5140845070422536,0.05633802816901411,0.01408450704225378
0.0,0.11863570019723868,0.02657317278458312,0.02942833388675791,0.6666666666666667,0.0,2.7755575615628914e-17
0.0,0.044850014792899406,0.1827545267275829,0.08939690722336882,0.45000000000000007,4.163336342344337e-17,0.15000000000000002
0.0,0.0,0.1062807008698987,0.0850404111077871,0.25,0.0,2.7755575615628914e-17
0.0,0.03788102428075903,0.20979076584403364,0.13079918993846051,0.5517241379310345,0.03448275862068968,0.17241379310344826
0.0,0.11057846811308349,0.5753203171888618,0.30146437479246574,0.7222222222222223,2.0816681711721685e-17,0.38888888888888884
0.0,0.032438757396449705,0.12876620387231955,0.07050065960129825,0.5074626865671642,0.03731343283582093,0.14925373134328365
0.0,0.007878331924485761,0.020902504133169696,0.000656111712868248,0.5555555555555556,0.17460317460317482,0.0079365079365082
0.0,0.2577514792899408,0.08167610357439344,1.0,1.0,0.0,1.0
0.0,0.00014550991994428437,0.034419970431298304,0.0,0.35294117647058826,0.05882352941176473,0.029411764705882443
0.0,0.06578770385336988,0.25697211715462626,0.17124381885884724,0.3902439024390244,0.048780487804878085,0.17073170731707318
0.0,0.0,0.031976063270097416,0.33983781325720813,1.0,1.0,1.0
0.0,0.02729457759435134,0.13009579456492104,0.06886540275879138,0.44537815126050423,0.03361344537815128,0.10924369747899161
0.0,0.08412751479289939,0.39432627106522583,0.20987971794460328,0.625,0.08333333333333337,0.25
0.0,0.12469035047792443,0.3323040294295656,0.3537865064041158,0.6153846153846154,0.07692307692307696,0.46153846153846145
0.0,0.02016165068353401,0.07321585741681945,0.04473830532966099,0.40229885057471254,0.022988505747126416,0.12643678160919544
0.0,0.1280121724429417,0.14516429169660694,0.4756853558647098,1.0,0.1428571428571429,0.9999999999999999
0.0,0.02802998027613412,0.04672339060202342,0.027850011910605897,0.3703703703703704,0.055555555555555594,0.055555555555555594
0.0,0.08770324423587018,0.3672491374991016,0.29803853787937223,0.7241379310344829,0.13793103448275856,0.3793103448275862
0.0,0.07630809382924765,0.18044723121301287,0.2166565496545684,0.6071428571428572,0.035714285714285726,0.5
0.0,0.06469163436033462,0.25413632763315064,0.22482811380346993,0.6206896551724138,0.13793103448275854,0.206896551724138
0.0,0.049377958579881656,0.055952091985563,0.04349028217541646,0.625,0.04166666666666667,0.12500000000000003
0.0,0.16061597633136096,0.5248714043710477,0.42621016620962826,1.0,0.0,0.5
1.0,0.07668639053254438,0.4133141828920018,0.19021314181138305,1.0,1.0,2.7755575615628914e-17
1.0,0.08056863905325443,0.4133141828920018,0.17426451205954402,1.0,0.0,2.7755575615628914e-17
1.0,0.08953905325443785,0.10332854572300045,0.29434586769640675,1.0,0.0,1.0
1.0,0.1089,0.10332854572300045,0.43988986628461835,1.0,0.0,1.0
1.0,0.01938520710059172,0.03197606327009741,0.012930576552844922,0.0,0.0,2.7755575615628914e-17
1.0,0.1849,0.10332854572300045,0.7773766252124238,1.0,0.0,1.0
1.0,0.08056863905325443,0.12752386889519496,0.29434586769640675,1.0,0.0,2.7755575615628914e-17
1.0,0.0283792899408284,0.1736480712709109,0.07232703703588458,0.0,0.0,2.7755575615628914e-17
1.0,0.08544378698224853,0.3128613189502983,0.2278460137204845,1.0,0.0,2.7755575615628914e-17
1.0,0.1089,0.7350849321695409,0.29434586769640675,1.0,0.0,2.7755575615628914e-17
1.0,0.09467455621301775,0.5100954755807798,0.31444318152015277,1.0,0.0,1.0
1.0,0.057231360946745566,0.27424368549507017,0.1556029905375508,1.0,0.0,2.7755575615628914e-17
1.0,0.08056863905325443,0.5277299504537563,0.31444318152015277,1.0,0.0,1.0
1.0,0.03379940828402366,0.16402715540889035,0.0835828930014682,0.0,0.0,2.7755575615628914e-17
1.0,0.12575207100591715,0.2621178420575753,0.19021314181138305,1.0,0.0,1.0
1.0,0.02343254437869822,0.027748219091094223,0.029706676078588942,1.0,0.0,2.7755575615628914e-17
1.0,0.09467455621301775,0.20463706165537648,0.33983781325720813,1.0,0.0,1.0
1.0,0.03379940828402366,0.1941811699348645,0.07232703703588458,1.0,0.0,1.0
1.0,0.013313609467455622,0.06256654244937394,0.029706676078588942,1.0,0.0,2.7755575615628914e-17
1.0,0.02343254437869822,0.08850545835727847,0.05940112791931467,1.0,0.0,1.0
1.0,0.02609467455621302,0.06856092137376754,0.04950549623960216,0.0,0.0,1.0
1.0,0.015337869822485209,0.06856092137376754,0.038242083472430334,0.0,0.0,2.7755575615628914e-17
1.0,0.07668639053254438,0.10332854572300045,0.04950549623960216,0.0,0.0,2.7755575615628914e-17
1.0,0.0283792899408284,0.10332854572300045,0.05940112791931467,1.0,0.0,2.7755575615628914e-17
1.0,0.0463905325443787,0.1109928763643769,0.14101458507158288,1.0,0.0,1.0
1.0,0.1662130177514793,0.06256654244937394,0.48885794057597926,1.0,0.0,1.0
1.0,0.09898284023668638,0.05115926541384412,0.29434586769640675,1.0,0.0,1.0
1.0,0.06059171597633136,0.03197606327009741,0.19021314181138305,0.0,0.0,1.0
1.0,0.01,0.03197606327009741,0.012930576552844922,0.0,0.0,2.7755575615628914e-17
1.0,0.06059171597633136,0.07482947147557624,0.2278460137204845,0.0,0.0,1.0
1.0,0.05325443786982249,0.08850545835727847,0.17426451205954402,0.0,0.0,2.7755575615628914e-17
1.0,0.12575207100591715,0.12752386889519496,0.14101458507158288,1.0,0.0,1.0
1.0,0.09562366863905326,0.0,0.0835828930014682,1.0,0.0,2.7755575615628914e-17
1.0,0.09898284023668638,0.1360231753950628,0.19021314181138305,1.0,0.0,1.0
1.0,0.08544378698224853,0.8624567040375954,0.29434586769640675,0.0,0.0,2.7755575615628914e-17
1.0,0.09467455621301775,1.0,0.2706137323087495,1.0,0.0,2.7755575615628914e-17
1.0,0.03727869822485207,0.4285057585860472,0.12401555989898774,0.0,0.0,2.7755575615628914e-17
1.0,0.03379940828402366,0.1360231753950628,0.12401555989898774,0.0,0.0,2.7755575615628914e-17
1.0,0.0283792899408284,0.08167610357439344,0.038242083472430334,1.0,0.0,2.7755575615628914e-17
1.0,0.1089,0.1109928763643769,0.33983781325720813,1.0,0.0,1.0
1.0,0.02343254437869822,0.08167610357439344,0.05940112791931467,0.0,0.0,1.0
1.0,0.12575207100591715,0.580807847640131,0.3612953513668253,1.0,0.0,1.0
1.0,0.08544378698224853,0.580807847640131,0.31444318152015277,0.0,0.0,2.7755575615628914e-17
1.0,0.017100591715976332,0.11929873357274218,0.04950549623960216,0.0,0.0,2.7755575615628914e-17
1.0,0.0283792899408284,0.1360231753950628,0.07232703703588458,0.0,0.0,2.7755575615628914e-17
1.0,0.050107100591715976,0.22687806548442618,0.12401555989898774,0.0,0.0,1.0
1.0,0.02343254437869822,0.06856092137376754,0.07232703703588458,0.0,0.0,2.7755575615628914e-17
1.0,0.057231360946745566,0.08850545835727847,0.1556029905375508,1.0,0.0,1.0
1.0,0.03727869822485207,0.11929873357274218,0.0835828930014682,1.0,0.0,1.0
1.0,0.08953905325443785,0.1736480712709109,0.2706137323087495,1.0,0.0,1.0
1.0,0.03130177514792899,0.2502661697974958,0.09817129846743619,0.0,0.0,2.7755575615628914e-17
