0,1,2,3,4,5,6
40.34475,259.21000000000004,571.21,0.33333333333333337,0.16666666666666666,0.0,0.0
2.4649,146.41,17424.0,1.0,1.0,0.0,0.0
64.80250000000001,967.21,8082.010000000002,1.0,1.0,1.0,0.0
22.090000000000003,2401.0,31719.609999999997,1.0,1.0,0.0,0.0
6.0516000000000005,846.8100000000001,1840.4099999999999,0.0,0.0,0.0,0.0
205.0624,670.81,5026.81,0.0,0.0,0.0,0.0
19.9809,670.81,1095.6100000000001,1.0,1.0,0.0,0.0
45.0241,2209.0,13689.0,1.0,0.0,0.0,0.0
14.439999999999998,4502.409999999999,7225.0,0.0,0.0,1.0,0.0
7.476161904761923,77.91476190476192,146.40999999999974,0.4285714285714286,0.2857142857142858,0.04761904761904761,0.0
130.1881,6889.0,16384.0,1.0,0.0,0.0,0.0
4.0401000000000025,900.0,26244.0,0.0,0.0,0.0,0.0
4.0401000000000025,102.00999999999999,2714.4100000000003,1.0,1.0,0.0,0.0
9.7969,479.60999999999996,6740.41,1.0,1.0,0.0,0.0
82.25778,441.0,630.0100000000001,0.2,0.0,0.0,0.0
29.30618666666667,198.80999999999997,327.6100000000001,0.20000000000000004,0.19999999999999996,-1.3877787807814457e-17,0.0
84.0889,1232.01,34225.0,1.0,0.0,0.0,0.0
96.8256,1840.4099999999999,3124.81,0.0,0.0,0.0,0.0
91.86313333333332,479.60999999999996,846.8100000000001,0.16666666666666669,0.0,0.3333333333333333,0.0
28.8369,3124.81,6561.0,1.0,0.0,0.0,0.0
296.5284,1296.0,19852.81,1.0,0.0,0.0,0.0
64.80250000000001,198.81,9820.81,0.0,0.0,0.0,0.0
88.36000000000001,900.0,1600.0,0.0,0.0,0.0,0.0
72.25,1672.81,15351.210000000001,1.0,0.0,0.0,0.0
76.03840000000001,529.0,3588.0099999999998,1.0,0.0,0.0,0.0
45.0241,1296.0,13479.21,1.0,1.0,0.0,0.0
14.439999999999998,169.0,2025.0,0.0,0.0,0.0,0.0
88.36000000000001,289.0,1095.6100000000001,1.0,0.0,0.0,0.0
231.34410000000003,1095.6100000000001,2313.61,1.0,0.0,0.0,0.0
72.25,1672.81,6241.0,1.0,0.0,0.0,0.0
252.17440000000002,1361.61,29894.410000000003,0.0,0.0,0.0,0.0
124.99239999999999,571.2099999999999,1444.0,1.0,0.0,0.0,0.0
245.2356,1232.01,11859.210000000001,1.0,0.0,1.0,0.0
19.9809,1840.4099999999999,4356.0,1.0,0.0,0.0,0.0
26.96544117647059,259.21000000000004,440.9999999999998,0.35294117647058826,0.1764705882352941,-1.3877787807814457e-17,0.0
189.34969999999998,846.8100000000001,1296.0,0.5,0.0,0.0,0.0
4.0401000000000025,6241.0,7413.209999999999,1.0,1.0,0.0,0.0
14.439999999999998,479.60999999999996,7413.209999999999,1.0,0.0,0.0,0.0
67.90485,571.2099999999999,1024.0,0.25,0.0,0.0,0.0
33.872400000000006,1024.0,4774.8099999999995,1.0,0.0,0.0,0.0
9.7969,1444.0,32761.0,0.0,0.0,0.0,0.0
192.37689999999998,967.21,2025.0,0.0,0.0,0.0,0.0
19.9809,3588.0099999999998,32761.0,1.0,0.0,0.0,0.0
8.4681,1024.0,6889.0,1.0,1.0,0.0,0.0
13.939799999999998,165.92600000000002,734.4100000000001,0.0,0.0,0.0,0.0
64.80250000000001,900.0,10221.21,1.0,1.0,0.0,0.0
124.99239999999999,571.2099999999999,1232.01,0.0,0.0,0.0,0.0
9.806225000000005,146.40999999999997,259.21000000000015,0.75,0.25,-1.3877787807814457e-17,0.0
72.25,529.0,2601.0,0.0,0.0,0.0,0.0
101.40490000000001,1600.0,9604.0,0.0,0.0,0.0,0.0
39.187599999999996,2401.0,7072.8099999999995,1.0,0.0,0.0,0.0
130.1881,1600.0,2601.0,1.0,1.0,1.0,0.0
90.45724999999999,327.61000000000007,734.4100000000001,0.0,0.0,0.0,0.0
7.182400000000001,441.0,15351.210000000001,1.0,0.0,0.0,0.0
26.419599999999996,198.81,8082.010000000002,1.0,0.0,0.0,0.0
120.12160000000002,846.8100000000001,6099.609999999999,1.0,0.0,0.0,0.0
19.618000000000002,169.0,1361.61,0.5,0.49999999999999994,0.5,0.0
8.4681,571.2099999999999,4774.8099999999995,1.0,1.0,0.0,0.0
31.280633333333327,269.14000000000004,3025.0,0.6666666666666667,0.0,0.0,0.0
281.56840000000005,1232.01,1944.8100000000002,1.0,0.0,0.0,0.0
19.9809,1444.0,5791.209999999999,1.0,0.0,0.0,0.0
5.948124999999997,90.61000000000001,441.0,0.5,0.0,0.0,0.0
8.4681,1444.0,33489.0,1.0,1.0,0.0,0.0
198.5281,1444.0,3124.81,0.0,0.0,0.0,0.0
54.4644,1600.0,8281.0,1.0,1.0,0.0,0.0
205.0624,967.21,1840.4099999999999,1.0,0.0,0.0,0.0
96.8256,571.2099999999999,2025.0,0.0,0.0,0.0,0.0
22.090000000000003,259.21000000000004,6241.0,0.0,0.0,0.0,0.0
28.779575,211.905,900.0,0.5,0.25,0.0,0.0
312.22890000000007,900.0,13479.21,1.0,0.0,0.0,0.0
51.19235,327.61000000000007,571.2099999999998,0.21428571428571433,-2.7755575615628914e-17,0.07142857142857141,0.0
22.090000000000003,630.0100000000001,5610.010000000002,1.0,0.0,0.0,0.0
12.816400000000002,1600.0,7225.0,1.0,1.0,0.0,0.0
136.98535714285714,479.60999999999996,967.21,0.0,-1.3877787807814457e-17,-6.938893903907228e-18,0.0
84.0889,900.0,3025.0,1.0,0.0,0.0,0.0
8.4681,967.21,7072.8099999999995,1.0,0.0,0.0,0.0
174.25476666666668,670.81,1095.6100000000001,0.6666666666666667,0.0,0.0,0.0
105.88409999999999,529.0,8445.61,1.0,0.0,0.0,0.0
41.88782777777778,289.0,479.61,0.33333333333333337,0.11111111111111109,-1.3877787807814457e-17,0.0
68.55839999999999,846.8100000000001,2401.0,1.0,0.0,0.0,0.0
26.016537500000005,198.80999999999997,396.0099999999999,0.5,0.12499999999999999,-6.938893903907228e-18,0.0
231.34410000000003,967.21,1513.2099999999998,0.0,0.0,0.0,0.0
1.2543999999999969,900.0,13689.0,1.0,0.0,0.0,0.0
14.439999999999998,784.0,3733.21,1.0,1.0,0.0,0.0
166.33476666666667,670.81,1296.0,0.6666666666666667,0.0,0.0,0.0
88.790575,441.0,734.4100000000001,0.0,0.0,0.0,0.0
22.090000000000003,396.00999999999993,4502.409999999999,1.0,0.0,0.0,0.0
127.68925000000002,529.0,900.0,1.0,0.0,0.0,0.0
28.95041666666667,173.96833333333333,479.61,0.5,0.3333333333333333,0.0,0.0
64.80250000000001,846.8100000000001,5184.0,1.0,0.0,0.0,0.0
45.0241,289.0,7072.8099999999995,1.0,0.0,1.0,0.0
42.1201,396.00999999999993,1840.4099999999999,0.0,0.0,0.0,0.0
8.113687500000012,102.0100000000001,198.81000000000017,0.3125,0.12499999999999997,-1.3877787807814457e-17,0.0
9.7969,900.0,7413.209999999999,1.0,1.0,0.0,0.0
69.27664999999999,630.0100000000001,900.0,0.0,0.0,0.0,0.0
8.4681,259.21000000000004,3981.61,0.0,0.0,0.0,0.0
361.3801000000001,1232.01,2209.0,0.0,0.0,0.0,0.0
186.32250000000002,967.21,1361.61,0.0,0.0,0.0,0.0
101.40490000000001,1095.6100000000001,1840.4099999999999,1.0,0.0,1.0,0.0
157.00089999999997,1296.0,6241.0,1.0,0.0,1.0,0.0
172.17940000000002,571.2099999999999,1024.0,0.33333333333333337,0.3333333333333333,0.0,0.0
26.419599999999996,670.81,4356.0,0.0,0.0,0.0,0.0
33.872400000000006,967.21,6561.0,0.0,0.0,0.0,0.0
80.10249999999999,1296.0,5026.81,0.0,0.0,0.0,0.0
145.9264,846.8100000000001,1444.0,0.0,0.0,0.0,0.0
80.10249999999999,4096.0,7413.209999999999,1.0,0.0,1.0,0.0
62.59855,327.61000000000007,529.0,0.33333333333333337,0.16666666666666666,0.0,0.0
31.2481,225.0,6561.0,1.0,1.0,0.0,0.0
59.6105,784.0,1361.61,1.0,0.0,0.5,0.0
42.1201,571.2099999999999,1672.81,0.0,0.0,0.0,0.0
28.8369,2601.0,6740.41,1.0,0.0,1.0,0.0
140.65959999999998,784.0,1156.0,0.0,0.0,0.0,0.0
8.4681,198.81,1024.0,0.5,0.49999999999999994,0.0,0.0
171.32944999999998,967.21,1600.0,0.0,0.0,0.0,0.0
3.204099999999997,102.00999999999999,7569.0,0.0,0.0,0.0,0.0
106.82866666666666,327.61000000000007,630.0100000000002,0.5,0.0,0.0,0.0
104.33027999999999,441.0,784.0,0.0,0.0,0.0,0.0
19.9809,441.0,10000.0,1.0,1.0,0.0,0.0
145.9264,1672.81,2313.61,1.0,1.0,0.0,0.0
38.7701625,327.61000000000007,630.0100000000002,0.25,0.125,-6.938893903907228e-18,0.0
33.872400000000006,529.0,7072.8099999999995,1.0,0.0,0.0,0.0
191.40892000000002,529.0,846.8100000000001,0.2,0.0,0.0,0.0
67.37243333333333,441.0,900.0,0.33333333333333337,0.0,0.0,0.0
0.0,784.0,900.0,1.0,0.0,1.0,0.0
19.9809,198.81,1672.81,1.0,1.0,0.0,0.0
27.755425000000002,205.35750000000002,670.81,0.0,0.0,0.0,0.0
255.85325,1024.0,1944.8100000000002,0.0,0.0,0.0,0.0
198.5281,670.81,1672.81,1.0,1.0,0.0,0.0
58.526300000000006,396.00999999999993,670.81,0.4166666666666667,0.08333333333333333,-1.3877787807814457e-17,0.0
84.0889,846.8100000000001,2125.21,1.0,0.0,0.0,0.0
28.8369,327.61000000000007,2809.0,1.0,1.0,0.0,0.0
68.55839999999999,630.0100000000001,1232.01,0.0,1.0,0.0,0.0
14.439999999999998,1296.0,1840.4099999999999,1.0,0.0,1.0,0.0
18.328566666666674,200.265,288.9999999999998,0.2777777777777778,0.16666666666666663,-1.3877787807814457e-17,0.0
74.85428,259.21000000000004,441.0,0.2,0.0,0.0,0.0
30.00168,146.40999999999994,224.99999999999966,0.46666666666666673,-2.7755575615628914e-17,-1.3877787807814457e-17,0.0
211.41159999999996,1095.6100000000001,8281.0,1.0,0.0,0.0,0.0
259.53209999999996,1600.0,2809.0,0.0,0.0,0.0,0.0
68.55839999999999,441.0,1156.0,0.0,0.0,0.0,0.0
24.206399999999995,571.2099999999999,2401.0,0.0,0.0,1.0,0.0
273.90250000000003,1024.0,1672.81,0.0,0.0,0.0,0.0
88.36000000000001,396.00999999999993,529.0,0.0,0.0,0.0,0.0
114.80354285714287,441.0,670.81,0.5714285714285715,-1.3877787807814457e-17,-6.938893903907228e-18,0.0
71.28573333333333,289.0,630.0100000000002,0.16666666666666669,0.0,0.0,0.0
10.629250000000006,479.60999999999996,1024.0,1.0,0.49999999999999994,0.5,0.0
57.9121,479.60999999999996,5026.81,1.0,0.0,0.0,0.0
22.090000000000003,784.0,3981.61,0.0,0.0,0.0,0.0
139.7802,529.0,1095.6100000000001,0.33333333333333337,0.0,0.3333333333333333,0.0
36.4816,670.81,1361.61,1.0,0.0,1.0,0.0
15.147649999999999,146.41,327.6100000000001,0.33333333333333337,0.3333333333333333,0.16666666666666666,0.0
32.30333076923077,225.0,360.9999999999998,0.07692307692307693,-2.7755575615628914e-17,-1.3877787807814457e-17,0.0
31.2481,259.21000000000004,1232.01,1.0,0.0,0.0,0.0
31.716666666666665,289.0,967.21,0.0,0.0,0.0,0.0
80.85308571428571,529.0,900.0,0.14285714285714285,-1.3877787807814457e-17,-6.938893903907228e-18,0.0
128.5912,670.81,1156.0,0.0,0.0,0.0,0.0
45.0241,900.0,6740.41,1.0,0.0,0.0,0.0
18.557662500000006,169.0,529.0,0.25,0.125,0.125,0.0
320.40999999999997,1444.0,2601.0,0.0,0.0,0.0,0.0
198.5281,846.8100000000001,1772.41,0.0,0.0,0.0,0.0
42.1201,479.60999999999996,3352.41,1.0,0.0,1.0,0.0
124.99239999999999,784.0,2809.0,1.0,0.0,0.0,0.0
22.538900000000005,327.61000000000007,784.0,0.0,0.0,0.0,0.0
57.9121,571.2099999999999,670.81,0.0,0.0,0.0,0.0
9.7969,102.00999999999999,3025.0,1.0,0.0,0.0,0.0
70.18646666666666,259.21000000000004,529.0,0.0,0.0,0.0,0.0
7.182400000000001,146.41,1156.0,0.0,0.0,0.0,0.0
54.4644,784.0,4774.8099999999995,1.0,0.0,0.0,0.0
62.059244444444445,259.21000000000004,396.0099999999999,0.1111111111111111,-1.3877787807814457e-17,-6.938893903907228e-18,0.0
7.407249999999998,72.41000000000003,630.0100000000001,0.5,0.0,0.0,0.0
52.671664285714286,259.21000000000004,479.61,0.0,0.07142857142857142,-1.3877787807814457e-17,0.0
361.3801000000001,846.8100000000001,1444.0,0.0,0.0,0.0,0.0
57.9121,327.61000000000007,7921.0,1.0,0.0,0.0,0.0
9.427299999999995,846.8100000000001,1024.0,0.0,0.0,0.0,0.0
151.29000000000002,670.81,967.21,1.0,0.0,0.0,0.0
161.04016666666666,846.8100000000002,1361.61,0.33333333333333337,0.0,0.0,0.0
89.24052,529.0,846.8100000000001,0.6000000000000001,0.0,0.19999999999999998,0.0
9.7969,102.00999999999999,2209.0,0.0,0.0,0.0,0.0
5.413366666666661,79.21000000000004,784.0,1.0,0.6666666666666666,0.0,0.0
11.872183333333332,76.21000000000004,120.99999999999989,0.33333333333333337,0.16666666666666666,0.0,0.0
158.90326666666667,630.0100000000001,1232.01,0.33333333333333337,0.0,0.3333333333333333,0.0
198.5281,670.81,3492.81,1.0,0.0,0.0,0.0
281.56840000000005,1361.61,2313.61,0.0,0.0,0.0,0.0
26.419599999999996,900.0,5026.81,1.0,1.0,0.0,0.0
40.257666666666665,479.60999999999996,1232.01,0.33333333333333337,0.3333333333333333,0.3333333333333333,0.0
24.096842307692313,169.0,288.99999999999966,0.3461538461538462,0.11538461538461538,0.03846153846153845,0.0
14.439999999999998,630.0100000000001,1024.0,0.0,0.0,0.0,0.0
120.12160000000002,670.81,2209.0,0.0,0.0,0.0,0.0
57.08607142857143,396.00999999999993,571.21,0.14285714285714288,-1.3877787807814457e-17,-6.938893903907228e-18,0.0
39.187599999999996,1232.01,4774.8099999999995,0.0,0.0,0.0,0.0
182.2818,846.8100000000002,1513.2099999999998,0.33333333333333337,0.0,0.0,0.0
165.62044999999998,784.0,1232.01,0.5,0.49999999999999994,0.0,0.0
52.205574999999996,441.0,670.81,1.0,0.49999999999999994,0.24999999999999997,0.0
63.83896666666667,529.0,967.21,0.0,0.0,0.0,0.0
51.082172222222226,289.0,528.9999999999998,0.22222222222222227,-2.7755575615628914e-17,0.055555555555555546,0.0
84.0889,571.2099999999999,4624.0,1.0,0.0,0.0,0.0
85.5786,571.2099999999999,967.21,0.6666666666666667,0.0,0.0,0.0
76.03840000000001,1361.61,3249.0,0.0,0.0,0.0,0.0
124.99239999999999,1095.6100000000001,1672.81,1.0,0.0,0.0,0.0
91.9145,289.0,479.61,0.16666666666666669,0.0,0.0,0.0
130.1881,1232.01,1944.8100000000002,0.0,0.0,0.0,0.0
84.0889,529.0,7225.0,0.0,0.0,0.0,0.0
162.765,670.81,1444.0,0.5,0.0,0.0,0.0
28.735506250000007,259.21000000000004,479.61,0.375,0.1875,0.062499999999999986,0.0
10.223849999999999,96.31,259.21000000000004,0.5,0.49999999999999994,0.0,0.0
29.285800000000002,211.905,2125.21,0.0,0.0,0.0,0.0
19.9809,79.21000000000004,1513.2099999999998,1.0,1.0,0.0,0.0
423.53639999999996,1095.6100000000001,1672.81,0.0,0.0,0.0,0.0
95.49734999999998,396.00999999999993,630.0100000000002,0.33333333333333337,0.0,0.0,0.0
103.35611999999999,479.60999999999996,784.0,0.2,0.0,0.0,0.0
252.17440000000002,784.0,1361.61,0.0,0.0,0.0,0.0
7.182400000000001,169.0,2905.21,1.0,1.0,1.0,0.0
58.24643333333333,670.81,1296.0,0.0,0.0,0.0,0.0
9.7969,146.41,1840.4099999999999,1.0,1.0,0.0,0.0
56.11875,225.0,396.0099999999999,0.2,-1.3877787807814457e-17,0.09999999999999998,0.0
53.07209,225.0,440.9999999999999,0.4,-1.3877787807814457e-17,-6.938893903907228e-18,0.0
48.024899999999995,1024.0,7225.0,1.0,1.0,0.0,0.0
58.62031666666667,396.00999999999993,734.4100000000001,0.16666666666666669,0.0,0.0,0.0
114.38296666666668,900.0,1361.61,0.0,0.0,0.0,0.0
54.4644,846.8100000000001,6889.0,1.0,0.0,1.0,0.0
70.10318,396.00999999999993,784.0,0.6000000000000001,0.2,0.19999999999999998,0.0
18.25953333333333,166.49,361.0,0.0,-1.3877787807814457e-17,-6.938893903907228e-18,0.0
26.419599999999996,1361.61,5929.0,1.0,0.0,0.0,0.0
96.8256,784.0,1672.81,1.0,0.0,0.0,0.0
33.872400000000006,967.21,2025.0,0.0,0.0,0.0,0.0
266.66889999999995,1296.0,2125.21,1.0,0.0,0.0,0.0
12.504908333333347,102.01000000000016,166.17624999999964,0.2916666666666667,0.12499999999999997,-1.3877787807814457e-17,0.0
84.23125,289.0,571.2099999999999,0.0,0.0,0.0,0.0
22.189925000000002,198.81,441.0,0.25,0.0,0.0,0.0
353.0641,1024.0,1944.8100000000002,0.0,0.0,0.0,0.0
51.97445833333333,327.61000000000007,670.81,0.5,0.16666666666666666,0.24999999999999997,0.0
64.80250000000001,396.00999999999993,967.21,1.0,0.0,0.0,0.0
1.0166666666666657,43.74000000000001,65.61000000000001,0.6666666666666667,0.0,0.0,0.0
117.804125,529.0,1024.0,0.0,0.0,0.0,0.0
145.9748,441.0,734.4100000000001,0.0,0.0,0.0,0.0
64.80250000000001,529.0,1361.61,1.0,0.0,0.0,0.0
370.1775999999999,1024.0,1513.2099999999998,1.0,0.0,0.0,0.0
14.68119444444445,146.40999999999997,198.8100000000003,0.33333333333333337,0.1111111111111111,-1.3877787807814457e-17,0.0
252.17440000000002,846.8100000000001,1672.81,0.0,0.0,0.0,0.0
138.1412,670.81,1095.6100000000001,0.0,0.0,0.0,0.0
120.57050000000001,846.8100000000001,1840.4099999999999,0.5,0.0,0.5,0.0
238.0849,670.81,1296.0,1.0,0.0,0.0,0.0
41.45355,218.4525,630.0100000000001,0.25,0.0,0.24999999999999997,0.0
114.12572499999999,479.60999999999996,900.0,0.75,0.0,0.0,0.0
147.91526666666667,670.81,1361.61,0.6666666666666667,0.0,0.0,0.0
11.358300000000007,86.81,396.01,0.33333333333333337,0.0,0.0,0.0
14.439999999999998,102.00999999999999,900.0,1.0,1.0,0.0,0.0
51.938379999999995,327.61000000000007,479.6099999999999,0.6000000000000001,0.2,0.0,0.0
22.090000000000003,1024.0,4624.0,1.0,1.0,0.0,0.0
113.099925,479.60999999999996,670.81,0.75,0.0,0.0,0.0
266.66889999999995,784.0,1095.6100000000001,0.0,0.0,0.0,0.0
68.55839999999999,396.00999999999993,2905.21,0.0,0.0,0.0,0.0
26.419599999999996,225.0,784.0,1.0,0.0,0.0,0.0
0.7920999999999978,47.610000000000014,1232.01,1.0,0.0,0.0,0.0
24.206399999999995,846.8100000000001,1444.0,1.0,1.0,1.0,0.0
238.0849,846.8100000000001,1444.0,1.0,0.0,0.0,0.0
39.187599999999996,289.0,2025.0,1.0,0.0,0.0,0.0
49.57646,441.0,784.0,0.6000000000000001,0.39999999999999997,0.19999999999999998,0.0
148.78048333333334,529.0,846.8100000000001,0.0,0.0,0.0,0.0
451.5625,1296.0,2313.61,1.0,0.0,0.0,0.0
78.07045,571.2099999999999,1095.6100000000001,1.0,0.0,0.0,0.0
101.43753333333332,441.0,571.2099999999998,0.33333333333333337,0.0,0.0,0.0
20.527400000000007,529.0,900.0,0.5,0.49999999999999994,0.0,0.0
99.67107999999999,289.0,529.0,0.2,0.0,0.0,0.0
152.767225,441.0,784.0,0.25,0.0,0.0,0.0
109.1736,630.0100000000001,1024.0,0.33333333333333337,0.0,0.0,0.0
45.0241,441.0,1944.8100000000002,0.0,0.0,0.0,0.0
162.5625,441.0,1232.01,0.0,0.0,0.0,0.0
28.149690909090914,169.0,259.21000000000015,0.27272727272727276,0.0909090909090909,-1.3877787807814457e-17,0.0
252.17440000000002,1095.6100000000001,1944.8100000000002,0.0,0.0,0.0,0.0
172.50063333333333,529.0,967.21,0.0,0.0,0.0,0.0
31.2481,967.21,1672.81,1.0,0.0,1.0,0.0
148.6082,571.2099999999999,1156.0,0.0,0.0,0.0,0.0
336.3556,1024.0,2313.61,0.0,0.0,0.0,0.0
39.187599999999996,529.0,1513.2099999999998,1.0,1.0,1.0,0.0
74.90785714285714,327.61000000000007,571.2099999999998,0.21428571428571433,-2.7755575615628914e-17,0.07142857142857141,0.0
336.3556,1024.0,1840.4099999999999,1.0,0.0,0.0,0.0
68.55839999999999,670.81,1444.0,0.0,0.0,0.0,0.0
162.5625,1095.6100000000001,2209.0,1.0,0.0,0.0,0.0
31.721199999999996,281.5525,670.81,0.5,0.49999999999999994,0.0,0.0
165.6932,784.0,1296.0,0.0,0.0,0.0,0.0
14.439999999999998,846.8100000000001,2209.0,1.0,1.0,0.0,0.0
19.33023571428572,102.0100000000001,224.99999999999966,0.4285714285714286,0.21428571428571425,-1.3877787807814457e-17,0.0
57.9121,327.61000000000007,846.8100000000001,0.5,0.0,0.0,0.0
78.45920000000001,441.0,967.21,0.0,0.0,0.0,0.0
277.83444999999995,967.21,1444.0,0.5,0.0,0.0,0.0
45.0241,327.61000000000007,6561.0,0.0,0.0,0.0,0.0
22.090000000000003,102.00999999999999,1296.0,0.0,0.0,0.0,0.0
28.305341176470584,225.0,396.0099999999999,0.411764705882353,0.1764705882352941,-1.3877787807814457e-17,0.0
101.40490000000001,967.21,1444.0,1.0,0.0,0.0,0.0
41.4096,479.60999999999996,846.8100000000001,0.0,0.0,0.0,0.0
157.00089999999997,396.00999999999993,967.21,0.0,0.0,0.0,0.0
61.3089,327.61000000000007,1296.0,0.0,0.0,0.0,0.0
56.28725,396.00999999999993,846.8100000000001,0.0,0.0,0.0,0.0
64.80250000000001,571.2099999999999,571.2099999999999,0.0,0.0,0.0,0.0
31.602325,225.0,479.61,0.375,-1.3877787807814457e-17,-6.938893903907228e-18,0.0
88.36000000000001,571.2099999999999,1772.41,0.0,0.0,0.0,0.0
205.0624,630.0100000000001,900.0,0.0,0.0,0.0,0.0
105.88409999999999,1095.6100000000001,1944.8100000000002,0.0,0.0,0.0,0.0
12.764840740740759,146.4099999999999,224.99999999999966,0.33333333333333337,0.11111111111111109,0.03703703703703703,0.0
58.060657142857146,225.0,327.6100000000001,0.28571428571428575,-1.3877787807814457e-17,0.14285714285714285,0.0
135.4594,967.21,1840.4099999999999,0.5,0.49999999999999994,0.0,0.0
221.37785,529.0,1024.0,1.0,0.0,0.0,0.0
84.0889,327.61000000000007,1772.41,0.0,0.0,0.0,0.0
205.0624,529.0,1095.6100000000001,1.0,0.0,0.0,0.0
312.22890000000007,1296.0,2025.0,0.0,0.0,0.0,0.0
12.885624999999997,146.41,441.0,0.75,0.49999999999999994,0.0,0.0
43.81094,479.60999999999996,900.0,0.2,0.2,0.19999999999999998,0.0
174.23999999999998,630.0100000000001,1600.0,0.0,0.0,0.0,0.0
12.13336666666666,102.00999999999999,289.0,0.6666666666666667,0.3333333333333333,0.0,0.0
57.09262857142857,289.0,441.0000000000001,0.14285714285714288,-1.3877787807814457e-17,-6.938893903907228e-18,0.0
94.49807999999999,571.2099999999999,900.0,0.2,0.2,0.0,0.0
81.82883333333332,529.0,784.0,0.33333333333333337,0.0,0.0,0.0
139.75348,630.0100000000001,1095.6100000000001,0.6000000000000001,0.0,0.0,0.0
33.872400000000006,846.8100000000001,1672.81,1.0,0.0,0.0,0.0
115.79650000000001,846.8100000000001,1232.01,0.0,0.0,0.0,0.0
121.8802,441.0,846.8100000000001,0.6666666666666667,0.3333333333333333,0.0,0.0
8.4681,102.00999999999999,1024.0,1.0,1.0,0.0,0.0
46.67525,259.21000000000004,630.0100000000001,0.0,0.0,0.0,0.0
137.99797500000003,479.60999999999996,784.0,0.25,0.0,0.0,0.0
20.101799999999997,153.93999999999997,571.2099999999998,0.33333333333333337,0.3333333333333333,0.0,0.0
37.422399999999996,261.91818181818184,396.0099999999999,0.18181818181818182,-2.7755575615628914e-17,-1.3877787807814457e-17,0.0
75.48595,396.00999999999993,630.0100000000002,0.5,0.0,0.16666666666666666,0.0
231.34410000000003,784.0,1444.0,0.0,0.0,0.0,0.0
168.22090000000003,441.0,630.0100000000001,0.0,0.0,0.0,0.0
130.1881,900.0,1444.0,0.0,0.0,0.0,0.0
118.66526666666667,630.0100000000001,967.21,0.0,0.0,0.0,0.0
23.13986666666667,225.0,327.6100000000001,0.4444444444444445,0.2222222222222222,-6.938893903907228e-18,0.0
14.439999999999998,630.0100000000001,1600.0,0.0,0.0,0.0,0.0
125.24126666666666,396.00999999999993,784.0,0.33333333333333337,0.3333333333333333,0.0,0.0
180.0964,846.8100000000001,1095.6100000000001,0.0,0.0,0.0,0.0
59.05966666666667,327.61000000000007,784.0,0.6666666666666667,0.0,0.3333333333333333,0.0
96.8256,900.0,1513.2099999999998,0.0,0.0,0.0,0.0
42.105075,327.6100000000001,528.9999999999998,0.12500000000000003,0.06249999999999999,0.06249999999999998,0.0
8.4681,102.00999999999999,479.6099999999999,0.5,0.49999999999999994,0.0,0.0
64.80250000000001,784.0,1296.0,0.0,0.0,0.0,0.0
10.245799999999996,146.41,670.81,0.5,0.0,0.0,0.0
42.81549411764705,200.35058823529408,288.9999999999998,0.17647058823529416,0.0588235294117647,-1.3877787807814457e-17,0.0
57.9121,259.21000000000004,1361.61,1.0,0.0,0.0,0.0
22.093649999999997,259.21000000000004,734.4100000000001,0.0,0.0,0.0,0.0
155.0475,571.2099999999999,1095.6100000000001,0.0,0.3333333333333333,0.0,0.0
168.22090000000003,967.21,1672.81,0.0,0.0,0.0,0.0
224.70010000000002,670.81,1232.01,0.0,0.0,0.0,0.0
42.1201,630.0100000000001,2025.0,0.0,0.0,0.0,0.0
51.2656,289.0,1024.0,0.0,0.0,0.0,0.0
183.3745,571.2099999999999,1232.01,0.0,0.0,0.0,0.0
39.77027777777778,289.0,571.21,0.2222222222222222,0.1111111111111111,-6.938893903907228e-18,0.0
74.44018,441.0,846.8100000000001,0.4,0.0,0.0,0.0
145.9264,900.0,2125.21,1.0,0.0,0.0,0.0
217.8576,441.0,846.8100000000001,0.0,0.0,0.0,0.0
34.24005,396.00999999999993,630.0100000000001,0.25,0.0,0.24999999999999997,0.0
9.493078571428583,72.09571428571428,168.99999999999966,0.28571428571428575,-2.7755575615628914e-17,-1.3877787807814457e-17,0.0
24.898300000000006,219.762,571.2099999999999,0.0,0.0,0.19999999999999998,0.0
33.872400000000006,198.81,967.21,0.0,0.0,0.0,0.0
99.73272,396.00999999999993,670.81,0.2,0.0,0.0,0.0
51.2656,630.0100000000001,1156.0,0.0,0.0,0.0,0.0
198.86705,784.0,1361.61,0.5,0.0,0.0,0.0
273.90250000000003,630.0100000000001,1361.61,0.0,0.0,0.0,0.0
7.182400000000001,146.41,2809.0,1.0,1.0,0.0,0.0
162.5625,900.0,1600.0,0.0,0.0,0.0,0.0
120.16999999999999,630.0100000000001,1232.01,0.0,0.0,0.0,0.0
93.17966666666666,225.0,396.01,0.33333333333333337,0.0,0.0,0.0
24.206399999999995,169.0,1444.0,0.0,0.0,0.0,0.0
140.65959999999998,630.0100000000001,846.8100000000001,1.0,0.0,0.0,0.0
12.816400000000002,146.41,1944.8100000000002,1.0,1.0,0.0,0.0
30.970150000000004,198.80999999999997,259.21000000000004,0.375,0.12499999999999999,-6.938893903907228e-18,0.0
15.095866666666666,161.47,784.0,0.33333333333333337,0.3333333333333333,0.0,0.0
42.014175,169.0,396.01,0.5,0.0,0.0,0.0
151.29000000000002,1095.6100000000001,1772.41,0.0,0.0,0.0,0.0
18.511400000000002,198.81,529.0,0.5,0.0,0.5,0.0
85.65635555555555,259.21000000000004,479.61,0.22222222222222227,-1.3877787807814457e-17,0.11111111111111108,0.0
54.4644,571.2099999999999,967.21,1.0,1.0,0.0,0.0
17.43189090909091,198.80999999999997,360.9999999999999,0.0,-2.7755575615628914e-17,-1.3877787807814457e-17,0.0
37.66505,169.0,327.6100000000001,0.3,-1.3877787807814457e-17,-6.938893903907228e-18,0.0
92.33370000000001,327.61000000000007,479.6099999999999,0.2,0.0,0.0,0.0
57.51616666666666,479.60999999999996,967.21,0.6666666666666667,0.0,0.3333333333333333,0.0
18.0625,630.0100000000001,967.21,0.0,0.0,0.0,0.0
124.99239999999999,784.0,1513.2099999999998,1.0,0.0,0.0,0.0
122.15576666666666,441.0,967.21,0.33333333333333337,0.0,0.0,0.0
273.90250000000003,846.8100000000001,1513.2099999999998,0.0,0.0,0.0,0.0
110.4601,1024.0,1672.81,1.0,0.0,0.0,0.0
109.13576666666667,479.60999999999996,734.4100000000001,0.0,0.0,0.0,0.0
61.511399999999995,396.00999999999993,900.0,0.5,0.0,0.0,0.0
78.8138,216.27,361.0,0.0,0.3333333333333333,0.0,0.0
8.258433333333329,94.41000000000003,361.0,0.0,0.0,0.0,0.0
111.83355,571.2099999999999,1024.0,0.0,0.0,0.0,0.0
14.247575000000005,169.0,396.01,0.5,0.0,0.5,0.0
205.0624,670.81,967.21,0.0,0.0,0.0,0.0
54.4644,259.21000000000004,1672.81,1.0,0.0,0.0,0.0
57.9121,479.60999999999996,1296.0,0.0,0.0,0.0,0.0
86.27394999999999,327.61000000000007,529.0,0.0,0.0,0.0,0.0
3.6529999999999987,90.61000000000001,529.0,0.5,0.49999999999999994,0.0,0.0
15.364563636363634,198.80999999999997,327.6100000000001,0.3636363636363637,0.0909090909090909,-1.3877787807814457e-17,0.0
8.464699999999993,68.91909090909098,102.00999999999988,0.5454545454545455,0.45454545454545453,-1.3877787807814457e-17,0.0
64.9882,479.60999999999996,670.81,0.0,0.0,0.0,0.0
304.5025,1232.01,2125.21,0.0,0.0,0.0,0.0
107.4275,441.0,900.0,0.25,0.0,0.0,0.0
151.29000000000002,396.00999999999993,630.0100000000001,0.5,0.49999999999999994,0.0,0.0
68.55839999999999,784.0,1444.0,0.0,0.0,0.0,0.0
6.531266666666667,453.87,670.81,0.0,0.0,0.0,0.0
25.276200000000003,396.00999999999993,571.2099999999999,0.5,0.49999999999999994,0.24999999999999997,0.0
54.69766666666667,396.00999999999993,529.0,0.33333333333333337,0.0,0.0,0.0
217.8576,1024.0,2025.0,0.0,0.0,0.0,0.0
131.83540000000002,396.00999999999993,571.2099999999998,0.33333333333333337,0.0,0.0,0.0
64.80250000000001,529.0,1156.0,0.0,0.0,0.0,0.0
211.71086666666665,630.0100000000001,1296.0,0.33333333333333337,0.0,0.0,0.0
18.0625,1095.6100000000001,1840.4099999999999,1.0,0.0,1.0,0.0
186.32250000000002,571.2099999999999,900.0,1.0,0.0,0.0,0.0
198.5281,529.0,784.0,0.0,0.0,0.0,0.0
231.34410000000003,967.21,1361.61,0.0,0.0,0.0,0.0
12.118450000000003,274.105,900.0,0.0,0.0,0.0,0.0
7.44777777777778,79.21000000000004,201.72000000000003,0.2222222222222222,0.1111111111111111,-6.938893903907228e-18,0.0
110.4601,571.2099999999999,1513.2099999999998,0.0,0.0,0.0,0.0
101.35485,327.61000000000007,670.81,0.0,0.0,0.0,0.0
20.9418,327.61000000000007,479.61,0.16666666666666669,0.0,0.0,0.0
80.33576666666667,529.0,1024.0,0.0,0.0,0.3333333333333333,0.0
105.88409999999999,784.0,1095.6100000000001,0.0,0.0,0.0,0.0
148.6082,479.60999999999996,846.8100000000001,0.0,0.0,0.0,0.0
26.419599999999996,900.0,1513.2099999999998,0.0,0.0,0.0,0.0
110.4601,479.60999999999996,1232.01,0.0,0.0,0.0,0.0
198.5281,900.0,1672.81,1.0,1.0,0.0,0.0
69.0936375,289.0,479.61,0.0,-1.3877787807814457e-17,-6.938893903907228e-18,0.0
22.090000000000003,396.00999999999993,1156.0,0.0,0.0,0.0,0.0
7.182400000000001,169.0,1296.0,1.0,0.0,0.0,0.0
79.56015000000001,327.61000000000007,630.0100000000002,0.5,0.16666666666666666,0.3333333333333333,0.0
76.53684615384616,289.0,528.9999999999998,0.23076923076923078,-2.7755575615628914e-17,-1.3877787807814457e-17,0.0
24.206399999999995,529.0,734.4100000000001,0.0,0.0,0.0,0.0
48.024899999999995,630.0100000000001,2401.0,1.0,0.0,0.0,0.0
25.46345,571.2099999999999,900.0,1.0,0.0,0.0,0.0
92.59280000000001,630.0100000000001,1296.0,0.5,0.0,0.0,0.0
157.00089999999997,571.2099999999999,1296.0,1.0,0.0,0.0,0.0
64.80250000000001,441.0,7413.209999999999,1.0,1.0,0.0,0.0
28.8369,146.41,846.8100000000001,0.0,0.0,0.0,0.0
50.74232,198.80999999999997,327.6100000000001,0.6666666666666667,-2.7755575615628914e-17,0.06666666666666665,0.0
117.3155,571.2099999999999,967.21,0.0,0.0,0.0,0.0
33.872400000000006,225.0,2905.21,1.0,1.0,0.0,0.0
266.66889999999995,846.8100000000001,1361.61,0.0,0.0,0.0,0.0
0.0,1232.01,1840.4099999999999,1.0,0.0,0.0,0.0
165.6932,441.0,670.81,0.0,0.0,0.0,0.0
76.24542857142858,441.0,670.81,0.5714285714285714,0.14285714285714285,0.14285714285714285,0.0
80.10249999999999,784.0,1232.01,0.0,0.0,0.0,0.0
76.03840000000001,441.0,1024.0,0.0,0.0,0.0,0.0
68.55839999999999,900.0,1672.81,1.0,0.0,1.0,0.0
83.35526666666667,259.21000000000004,630.01,0.0,0.0,0.0,0.0
48.287375,163.3525,225.0,0.25,0.0,0.0,0.0
31.2481,198.81,1156.0,0.0,0.0,0.0,0.0
50.08309,225.0,360.9999999999999,0.0,-1.3877787807814457e-17,-6.938893903907228e-18,0.0
31.2481,900.0,2401.0,1.0,1.0,1.0,0.0
15.040299999999995,225.0,441.0,0.6666666666666667,0.0,0.0,0.0
215.93936666666664,784.0,1296.0,0.0,0.0,0.0,0.0
52.400866666666666,279.07,1095.6100000000001,0.33333333333333337,0.0,0.0,0.0
186.32250000000002,670.81,1156.0,0.0,0.0,0.0,0.0
14.439999999999998,784.0,1840.4099999999999,1.0,0.0,1.0,0.0
35.442299999999996,225.0,529.0,0.0,0.0,0.0,0.0
211.41159999999996,846.8100000000001,1600.0,1.0,0.0,0.0,0.0
192.37689999999998,479.60999999999996,1024.0,1.0,0.0,0.0,0.0
60.976166666666664,529.0,846.8100000000001,0.0,0.0,0.0,0.0
145.9264,670.81,1600.0,0.0,0.0,0.0,0.0
192.37689999999998,670.81,1024.0,0.0,0.0,0.0,0.0
2.4649,47.610000000000014,479.6099999999999,1.0,1.0,0.0,0.0
16.679083333333338,146.41,289.0,0.5,0.16666666666666666,0.0,0.0
132.826,571.2099999999999,846.8100000000001,0.5,0.0,0.0,0.0
42.1201,289.0,1296.0,0.0,0.0,0.0,0.0
45.611050000000006,670.81,1232.01,0.5,0.0,0.0,0.0
43.873599999999996,479.60999999999996,784.0,1.0,0.49999999999999994,0.5,0.0
5.017600000000002,225.0,1361.61,1.0,1.0,0.0,0.0
266.66889999999995,571.2099999999999,1024.0,0.0,0.0,0.0,0.0
99.21424999999999,630.0100000000001,1156.0,0.0,0.0,0.0,0.0
192.37689999999998,479.60999999999996,734.4100000000001,0.0,0.0,0.0,0.0
11.2896,146.41,1095.6100000000001,0.0,0.0,0.0,0.0
12.816400000000002,784.0,846.8100000000001,0.0,0.0,0.0,0.0
58.29713333333333,630.0100000000001,1024.0,0.33333333333333337,0.0,0.3333333333333333,0.0
39.187599999999996,396.00999999999993,1024.0,0.0,0.0,0.0,0.0
30.502566666666674,289.0,529.0,0.44444444444444453,0.22222222222222218,-6.938893903907228e-18,0.0
130.1881,479.60999999999996,1024.0,0.0,0.0,0.0,0.0
110.61585,396.00999999999993,734.4100000000001,0.0,0.0,0.0,0.0
24.159599999999998,102.00999999999999,198.80999999999995,0.1111111111111111,-1.3877787807814457e-17,-6.938893903907228e-18,0.0
1.4568999999999974,47.610000000000014,396.01,1.0,0.49999999999999994,0.0,0.0
70.2211,225.0,479.6099999999999,0.2,0.0,0.0,0.0
22.405814285714285,169.0,224.99999999999977,0.7142857142857144,0.2857142857142857,0.14285714285714285,0.0
16.455342857142853,169.0,441.0000000000001,0.4285714285714286,-1.3877787807814457e-17,-6.938893903907228e-18,0.0
106.89966000000001,327.61000000000007,571.2099999999999,0.2,0.0,0.19999999999999998,0.0
36.17502,259.21000000000004,529.0,0.4,0.2,0.0,0.0
51.579971428571426,198.80999999999997,396.0099999999999,0.4285714285714286,0.2857142857142857,-6.938893903907228e-18,0.0
117.72625,670.81,1296.0,0.0,0.0,0.0,0.0
84.0889,571.2099999999999,846.8100000000001,1.0,0.0,0.0,0.0
118.03609999999998,670.81,1232.01,0.5,0.0,0.0,0.0
101.50224999999999,529.0,967.21,0.0,0.0,0.0,0.0
140.65959999999998,630.0100000000001,1361.61,0.0,0.0,0.0,0.0
157.00089999999997,900.0,1513.2099999999998,0.0,0.0,0.0,0.0
116.93336666666667,441.0,630.01,0.33333333333333337,0.0,0.0,0.0
259.53209999999996,630.0100000000001,1232.01,0.0,0.0,0.0,0.0
14.439999999999998,670.81,1444.0,0.0,0.0,0.0,0.0
33.872400000000006,441.0,529.0,0.0,0.0,0.0,0.0
140.65959999999998,967.21,1361.61,0.0,0.0,0.0,0.0
19.9809,900.0,1840.4099999999999,1.0,0.0,1.0,0.0
16.872471428571423,169.0,327.6100000000001,0.14285714285714288,-1.3877787807814457e-17,-6.938893903907228e-18,0.0
84.23125,670.81,1156.0,0.0,0.0,0.0,0.0
157.00089999999997,630.0100000000001,1156.0,0.0,0.0,0.0,0.0
145.9264,630.0100000000001,1024.0,0.0,0.0,0.0,0.0
211.41159999999996,479.60999999999996,1095.6100000000001,1.0,0.0,0.0,0.0
70.461825,281.5525,670.81,0.5,0.0,0.24999999999999997,0.0
47.046189999999996,259.21000000000004,440.9999999999999,0.4,0.09999999999999998,0.09999999999999999,0.0
186.32250000000002,630.0100000000001,967.21,1.0,0.0,0.0,0.0
92.99329999999999,630.0100000000001,1095.6100000000001,0.5,0.0,0.0,0.0
84.0889,670.81,1095.6100000000001,0.0,0.0,0.0,0.0
99.41005000000001,259.21000000000004,396.01,0.0,0.0,0.0,0.0
192.37689999999998,1095.6100000000001,1944.8100000000002,0.0,0.0,0.0,0.0
19.618000000000002,198.81,630.0100000000001,0.5,0.49999999999999994,0.0,0.0
186.23664999999997,670.81,1232.01,0.5,0.0,0.0,0.0
157.00089999999997,327.61000000000007,630.0100000000001,0.0,0.0,0.0,0.0
28.8369,289.0,846.8100000000001,1.0,0.0,0.0,0.0
140.65959999999998,630.0100000000001,900.0,0.0,0.0,0.0,0.0
22.090000000000003,529.0,6740.41,0.0,0.0,0.0,0.0
12.816400000000002,102.00999999999999,670.81,0.0,0.0,0.0,0.0
8.153600000000004,102.00999999999999,327.6100000000001,0.5,0.0,0.0,0.0
68.55839999999999,670.81,1024.0,0.0,0.0,0.0,0.0
153.3901666666667,479.60999999999996,670.81,0.0,0.0,0.0,0.0
25.463749999999997,259.21000000000004,630.0100000000001,0.0,0.0,0.0,0.0
124.99239999999999,479.60999999999996,1095.6100000000001,0.0,0.0,0.0,0.0
86.32344999999998,327.61000000000007,784.0,1.0,0.0,0.0,0.0
69.96758750000001,289.0,571.21,0.125,0.12499999999999999,-6.938893903907228e-18,0.0
186.32250000000002,784.0,1444.0,0.0,0.0,0.0,0.0
105.88409999999999,846.8100000000001,1361.61,0.0,0.0,0.0,0.0
16.438499999999998,571.2099999999999,967.21,0.0,0.0,0.5,0.0
211.41159999999996,571.2099999999999,846.8100000000001,1.0,0.0,0.0,0.0
18.732466666666667,146.41,169.0,0.33333333333333337,0.0,0.0,0.0
124.99239999999999,259.21000000000004,441.0,0.0,0.0,0.0,0.0
19.9809,396.00999999999993,967.21,0.0,0.0,0.0,0.0
23.521060000000006,146.41,259.21000000000015,0.1,-1.3877787807814457e-17,-6.938893903907228e-18,0.0
84.0889,670.81,1361.61,0.0,0.0,0.0,0.0
174.23999999999998,529.0,1232.01,0.0,0.0,0.0,0.0
12.096033333333331,146.41,529.0,1.0,0.3333333333333333,0.3333333333333333,0.0
198.5281,670.81,1444.0,0.0,0.0,0.0,0.0
80.10249999999999,289.0,967.21,1.0,0.0,0.0,0.0
45.0241,529.0,670.81,0.0,0.0,0.0,0.0
101.40490000000001,259.21000000000004,571.2099999999999,1.0,0.0,1.0,0.0
205.0624,630.0100000000001,1095.6100000000001,0.0,0.0,0.0,0.0
19.9809,441.0,630.0100000000001,0.0,0.0,0.0,0.0
80.10249999999999,529.0,1095.6100000000001,0.0,0.0,0.0,0.0
3.204099999999997,441.0,784.0,1.0,1.0,0.0,0.0
115.319225,479.60999999999996,846.8100000000001,0.25,0.0,0.0,0.0
159.78169999999997,571.2099999999999,967.21,0.0,0.0,0.0,0.0
19.323199999999993,72.41000000000003,289.0,0.0,0.0,0.0,0.0
142.77874,571.2099999999999,1024.0,0.0,0.0,0.0,0.0
31.2481,529.0,784.0,0.0,0.0,0.0,0.0
0.0,670.81,1024.0,0.0,0.0,0.0,0.0
47.687925,169.0,289.0,0.0,0.0,0.0,0.0
174.23999999999998,630.0100000000001,1444.0,1.0,0.0,0.0,0.0
22.090000000000003,441.0,846.8100000000001,0.0,0.0,0.0,0.0
145.9264,630.0100000000001,1296.0,1.0,1.0,0.0,0.0
18.652499999999996,157.70499999999998,630.0100000000001,0.5,0.49999999999999994,0.0,0.0
54.4644,327.61000000000007,967.21,1.0,0.0,0.0,0.0
57.9121,225.0,3025.0,0.0,0.0,0.0,0.0
145.9264,479.60999999999996,900.0,0.0,0.0,0.0,0.0
15.340449999999997,259.21000000000004,396.01,0.0,0.0,0.0,0.0
80.10249999999999,289.0,784.0,0.0,0.0,0.0,0.0
72.385,441.0,784.0,0.33333333333333337,0.0,0.0,0.0
15.340449999999997,289.0,479.6099999999999,1.0,1.0,0.0,0.0
11.682146666666668,169.0,288.9999999999998,0.33333333333333337,0.1333333333333333,-1.3877787807814457e-17,0.0
67.21356,479.60999999999996,846.8100000000001,0.6000000000000001,0.2,0.0,0.0
47.49208,164.48199999999997,259.21000000000004,0.0,0.0,0.0,0.0
112.2858,327.61000000000007,529.0,0.33333333333333337,0.0,0.3333333333333333,0.0
22.090000000000003,670.81,967.21,0.0,0.0,0.0,0.0
224.70010000000002,479.60999999999996,846.8100000000001,1.0,0.0,0.0,0.0
18.511400000000002,198.81,784.0,0.0,0.0,0.0,0.0
76.47268000000001,479.60999999999996,900.0,0.0,0.0,0.0,0.0
57.47671428571429,396.00999999999993,630.0100000000002,0.4285714285714286,-1.3877787807814457e-17,0.2857142857142857,0.0
0.44890000000000185,65.61000000000001,670.81,1.0,0.0,0.0,0.0
80.10249999999999,479.60999999999996,1024.0,1.0,0.0,0.0,0.0
38.18523333333333,289.0,441.0,0.6666666666666667,0.16666666666666663,0.0,0.0
54.4644,198.81,441.0,0.0,0.0,0.0,0.0
320.40999999999997,1232.01,1944.8100000000002,1.0,0.0,0.0,0.0
101.40490000000001,529.0,734.4100000000001,0.0,0.0,0.0,0.0
28.8369,289.0,784.0,1.0,0.0,0.0,0.0
41.527249999999995,225.0,327.6100000000001,0.25,0.0,0.0,0.0
59.453988888888894,327.61000000000007,630.0100000000002,0.33333333333333337,-1.3877787807814457e-17,-6.938893903907228e-18,0.0
18.265,146.41,396.01,0.5,0.49999999999999994,0.0,0.0
101.40490000000001,289.0,441.0,0.0,0.0,0.0,0.0
116.50855,529.0,846.8100000000001,0.25,0.0,0.0,0.0
19.9809,259.21000000000004,2025.0,1.0,0.0,0.0,0.0
48.3935,191.35750000000002,361.0,0.0,0.0,0.0,0.0
88.36000000000001,396.00999999999993,846.8100000000001,0.0,0.0,0.0,0.0
80.132575,396.00999999999993,571.2099999999999,0.25,0.24999999999999994,0.0,0.0
35.30199090909092,225.0,440.9999999999999,0.4545454545454546,0.2727272727272727,0.0909090909090909,0.0
9.7969,259.21000000000004,361.0,0.0,0.0,0.0,0.0
54.4644,259.21000000000004,1024.0,0.0,0.0,0.0,0.0
59.24536666666666,207.54,529.0,0.33333333333333337,0.0,0.0,0.0
54.4644,327.61000000000007,1095.6100000000001,0.0,0.0,0.0,0.0
39.08513333333333,396.00999999999993,784.0,0.33333333333333337,0.3333333333333333,0.0,0.0
68.55839999999999,225.0,967.21,0.0,0.0,0.0,0.0
13.695785714285712,169.0,259.2099999999999,0.5714285714285714,0.2857142857142857,-6.938893903907228e-18,0.0
68.55839999999999,479.60999999999996,630.0100000000001,0.0,0.0,0.0,0.0
140.65959999999998,327.61000000000007,670.81,0.0,0.0,0.0,0.0
18.511400000000002,146.41,479.6099999999999,0.5,0.0,0.0,0.0
205.0624,571.2099999999999,1024.0,0.0,0.0,0.0,0.0
135.4372,784.0,1232.01,0.33333333333333337,0.3333333333333333,0.0,0.0
48.024899999999995,259.21000000000004,361.0,0.0,0.0,0.0,0.0
48.024899999999995,169.0,571.2099999999999,1.0,0.0,0.0,0.0
192.37689999999998,967.21,1513.2099999999998,0.0,0.0,0.0,0.0
41.752759999999995,289.0,630.0100000000001,0.2,0.2,0.0,0.0
54.4644,1024.0,2401.0,0.0,0.0,0.0,1.0
5.017600000000001,146.41,198.81,0.0,0.0,0.0,1.0
259.53209999999996,670.81,1600.0,0.0,0.0,0.0,1.0
224.70010000000002,900.0,1513.2099999999998,0.0,0.0,0.0,1.0
120.12160000000002,479.60999999999996,967.21,0.0,0.0,0.0,1.0
54.4644,289.0,967.21,1.0,1.0,0.0,1.0
186.32250000000002,630.0100000000001,1296.0,0.0,0.0,0.0,1.0
145.9264,479.60999999999996,846.8100000000001,1.0,0.0,0.0,1.0
105.88409999999999,529.0,900.0,0.0,0.0,0.0,1.0
4.040099999999999,169.0,1024.0,0.0,0.0,0.0,1.0
119.4649,396.00999999999993,670.81,0.0,0.0,0.0,1.0
84.0889,327.61000000000007,571.2099999999999,0.0,0.0,0.0,1.0
11.289599999999998,396.00999999999993,630.0100000000001,1.0,0.0,1.0,1.0
33.872400000000006,327.61000000000007,529.0,0.0,0.0,0.0,1.0
105.88409999999999,479.60999999999996,1296.0,1.0,0.0,0.0,1.0
36.4816,259.21000000000004,441.0,1.0,0.0,0.0,1.0
76.03840000000001,1095.6100000000001,7569.0,0.0,0.0,0.0,1.0
33.872400000000006,198.81,670.81,0.0,0.0,0.0,1.0
130.1881,396.00999999999993,784.0,1.0,0.0,0.0,1.0
72.25,396.00999999999993,630.0100000000001,0.0,0.0,0.0,1.0
22.090000000000003,1840.4099999999999,4900.0,1.0,1.0,1.0,1.0
61.3089,479.60999999999996,734.4100000000001,0.0,0.0,0.0,1.0
36.4816,225.0,396.00999999999993,1.0,0.0,0.0,1.0
76.03840000000001,396.00999999999993,734.4100000000001,0.0,0.0,0.0,1.0
101.40490000000001,784.0,1232.01,0.0,0.0,0.0,1.0
28.8369,396.00999999999993,1840.4099999999999,1.0,0.0,1.0,1.0
378.69160000000005,1444.0,2714.4100000000003,0.0,0.0,0.0,1.0
289.0,1361.61,2313.61,0.0,0.0,0.0,1.0
8.468100000000002,146.41,327.61000000000007,1.0,1.0,0.0,1.0
135.25690000000003,479.60999999999996,900.0,0.0,0.0,0.0,1.0
151.29000000000002,396.00999999999993,784.0,1.0,0.0,0.0,1.0
54.4644,259.21000000000004,529.0,0.0,0.0,0.0,1.0
84.0889,441.0,670.81,0.0,0.0,0.0,1.0
33.872400000000006,1296.0,3492.81,1.0,0.0,1.0,1.0
130.1881,529.0,846.8100000000001,1.0,0.0,0.0,1.0
162.5625,967.21,1672.81,0.0,0.0,0.0,1.0
36.4816,146.41,361.0,0.0,0.0,0.0,1.0
353.0641,1944.8100000000002,2905.21,0.0,0.0,0.0,1.0
57.9121,571.2099999999999,1156.0,0.0,0.0,0.0,1.0
12.8164,102.00999999999999,198.81,0.0,0.0,0.0,1.0
145.9264,396.00999999999993,571.2099999999999,1.0,0.0,0.0,1.0
9.796899999999999,169.0,259.21000000000004,0.0,0.0,0.0,1.0
7.182400000000001,102.00999999999999,289.0,1.0,0.0,0.0,1.0
76.03840000000001,846.8100000000001,3844.0,1.0,1.0,0.0,1.0
88.36000000000001,396.00999999999993,529.0,0.0,0.0,0.0,1.0
68.55839999999999,259.21000000000004,900.0,0.0,0.0,0.0,1.0
130.1881,441.0,784.0,0.0,0.0,0.0,1.0
33.872400000000006,846.8100000000001,1296.0,1.0,0.0,1.0,1.0
115.3476,327.61000000000007,900.0,0.0,0.0,0.0,1.0
84.0889,327.61000000000007,571.2099999999999,0.0,0.0,0.0,1.0
231.34410000000003,1024.0,1772.41,0.0,0.0,0.0,1.0
24.2064,289.0,571.2099999999999,1.0,0.0,1.0,1.0
54.4644,259.21000000000004,479.60999999999996,1.0,0.0,1.0,1.0
344.8449,1361.61,4356.0,0.0,0.0,0.0,1.0
24.2064,225.0,571.2099999999999,0.0,0.0,0.0,1.0
24.2064,846.8100000000001,1600.0,0.0,0.0,0.0,1.0
408.84839999999997,1840.4099999999999,3025.0,1.0,1.0,0.0,1.0
33.872400000000006,479.60999999999996,900.0,0.0,0.0,0.0,1.0
22.090000000000003,146.41,441.0,1.0,0.0,0.0,1.0
16.240900000000003,146.41,225.0,1.0,0.0,0.0,1.0
168.22090000000003,396.00999999999993,967.21,1.0,0.0,0.0,1.0
18.0625,441.0,2125.21,1.0,1.0,0.0,1.0
54.4644,289.0,479.60999999999996,0.0,0.0,0.0,1.0
26.419599999999996,259.21000000000004,396.00999999999993,1.0,1.0,0.0,1.0
18.0625,146.41,289.0,1.0,1.0,0.0,1.0
33.872400000000006,225.0,327.61000000000007,0.0,0.0,0.0,1.0
31.248099999999997,169.0,327.61000000000007,0.0,0.0,0.0,1.0
51.2656,396.00999999999993,1095.6100000000001,1.0,0.0,0.0,1.0
12.8164,289.0,630.0100000000001,1.0,0.0,1.0,1.0
115.3476,1361.61,2209.0,1.0,0.0,1.0,1.0
48.024899999999995,225.0,479.60999999999996,1.0,1.0,0.0,1.0
54.4644,225.0,396.00999999999993,0.0,0.0,0.0,1.0
64.80250000000001,198.81,571.2099999999999,0.0,0.0,0.0,1.0
57.9121,529.0,900.0,0.0,0.0,0.0,1.0
135.25690000000003,900.0,1513.2099999999998,1.0,0.0,0.0,1.0
12.8164,225.0,396.00999999999993,1.0,1.0,0.0,1.0
105.88409999999999,396.00999999999993,670.81,0.0,0.0,0.0,1.0
344.8449,1232.01,1840.4099999999999,1.0,0.0,0.0,1.0
36.4816,396.00999999999993,1361.61,1.0,0.0,0.0,1.0
33.872400000000006,259.21000000000004,396.00999999999993,1.0,0.0,0.0,1.0
370.1775999999999,1024.0,1840.4099999999999,0.0,0.0,0.0,1.0
4.040099999999999,146.41,259.21000000000004,1.0,1.0,0.0,1.0
24.2064,198.81,529.0,1.0,0.0,0.0,1.0
28.8369,571.2099999999999,1095.6100000000001,0.0,0.0,0.0,1.0
36.4816,225.0,479.60999999999996,1.0,0.0,0.0,1.0
80.10249999999999,327.61000000000007,571.2099999999999,0.0,0.0,0.0,1.0
259.53209999999996,846.8100000000001,1513.2099999999998,0.0,0.0,0.0,1.0
42.1201,784.0,1513.2099999999998,0.0,0.0,1.0,1.0
51.2656,396.00999999999993,670.81,0.0,0.0,0.0,1.0
68.55839999999999,259.21000000000004,479.60999999999996,1.0,0.0,0.0,1.0
423.53639999999996,1232.01,2209.0,0.0,0.0,0.0,1.0
231.34410000000003,571.2099999999999,1156.0,0.0,0.0,0.0,1.0
11.289599999999998,396.00999999999993,967.21,1.0,1.0,1.0,1.0
61.3089,289.0,529.0,0.0,0.0,0.0,1.0
45.0241,1024.0,1444.0,0.0,0.0,0.0,1.0
36.4816,396.00999999999993,630.0100000000001,1.0,0.0,0.0,1.0
211.41159999999996,784.0,1232.01,0.0,0.0,0.0,1.0
296.5284,1840.4099999999999,3492.81,1.0,0.0,1.0,1.0
57.9121,900.0,1944.8100000000002,1.0,0.0,1.0,1.0
84.0889,259.21000000000004,441.0,1.0,0.0,0.0,1.0
130.1881,630.0100000000001,1296.0,0.0,0.0,0.0,1.0
26.419599999999996,529.0,967.21,1.0,0.0,1.0,1.0
105.88409999999999,571.2099999999999,1024.0,0.0,0.0,0.0,1.0
16.240900000000003,571.2099999999999,1672.81,1.0,1.0,1.0,1.0
101.40490000000001,1513.2099999999998,2905.21,1.0,0.0,0.0,1.0
110.4601,784.0,1513.2099999999998,0.0,0.0,0.0,1.0
45.0241,289.0,2025.0,0.0,0.0,0.0,1.0
54.51358319479182,417.7307419773725,1344.5633746275669,1.0,0.0,0.0,1.0
120.53612857172553,944.7747794114925,1882.558613140796,0.6389130692621574,0.0,0.6389130692621574,1.0
65.00937175229755,295.6872529590463,955.569226330549,0.8267999751606756,0.8267999751606756,0.0,1.0
24.2064,255.63646346749252,571.2099999999999,0.4786947416795706,0.0,0.4786947416795706,1.0
196.25325137724542,820.1480884271009,1513.2099999999998,0.0,0.0,0.0,1.0
97.67390939875304,910.7427657516356,1638.6623311825297,0.0,0.0,0.0,1.0
48.714389832154936,383.7464936273303,1091.7414933644031,0.9459781226700603,0.0,0.0,1.0
24.221520683579794,846.9386998046616,1599.8866912945018,0.0,0.0,0.0,1.0
43.884843897201,453.66418723378456,1095.6100000000001,0.6709235888482614,0.0,0.0,1.0
132.2838778466752,498.88482584692684,1266.5406591859196,0.7895761370422827,0.0,0.0,1.0
229.0340746118637,569.523420009937,1158.5777423428908,0.018412445306363212,0.0,0.0,1.0
101.65919009841663,396.00999999999993,679.8131150129065,0.0,0.0,0.0,1.0
132.8086110862084,896.9507056931328,1513.2099999999998,0.9737129801132139,0.0,0.026287019886786056,1.0
310.7830080226332,1840.4099999999999,3500.4198227047236,1.0,1.0,0.2535572387758527,1.0
105.34016827316749,353.8353757356319,571.2099999999999,0.3834119259595299,0.0,0.0,1.0
351.1943479701161,1409.1092100133835,4223.958545263547,0.0992046992760729,0.0992046992760729,0.0,1.0
76.03840000000001,965.7606143711397,5624.912534294594,0.5219026753571561,0.5219026753571561,0.0,1.0
28.967562467027253,198.81,598.8510707065109,0.5074319814786622,0.0,0.0,1.0
26.20157975186781,168.86261490725778,452.0306077308719,1.0,0.0,0.0,1.0
102.27473976204189,1721.4576513352215,4764.849461834504,0.7515615107251915,0.7515615107251915,0.7515615107251915,1.0
45.30002080952376,554.69001509396,1072.453165262713,0.0,0.0,0.0,1.0
27.42562450020106,546.5668283429804,1020.6471182003957,0.5838230669751122,0.0,0.5838230669751122,1.0
77.27752174847895,402.9347981447199,724.6207765724787,0.0,0.0,0.0,1.0
53.94414157785386,234.86179922460278,479.60999999999996,1.0,0.7117275877052686,0.0,1.0
65.65809251734936,254.37791979051417,479.60999999999996,1.0,0.14124759454796476,0.0,1.0
115.09419490381907,513.5133393037223,900.0,0.0,0.0,0.0,1.0
68.94748696602872,991.1239285072883,1462.3496202258918,0.2651296088121916,0.0,0.0,1.0
7.899361584068864,160.03103115186653,235.22922450521196,0.0,0.0,0.0,1.0
401.697701047438,1335.2457328152566,2455.12657069748,0.0,0.0,0.0,1.0
34.62133131311145,219.59993493660954,529.0,0.6557957791952063,0.0,0.0,1.0
46.29305752593974,225.0,396.00999999999993,0.4543976730019942,0.0,0.0,1.0
23.83739740841869,396.00999999999993,1007.5126112477727,1.0,0.686116734830431,0.686116734830431,1.0
58.68827166203716,280.07214865814626,947.0676405274927,0.700307105006587,0.700307105006587,0.0,1.0
65.52314683608842,265.62550956101364,914.474199315063,0.215357823464707,0.215357823464707,0.0,1.0
124.69235143859704,784.0,1232.01,0.0,0.0,0.0,1.0
139.1050025329745,952.1448076571253,1733.7790867023054,0.22415105405259317,0.0,0.22415105405259317,1.0
166.21391098325356,399.4982894719882,967.21,0.9582740493781307,0.0,0.0,1.0
98.36936171930779,396.00999999999993,609.1645397292037,0.3545146304557196,0.0,0.0,1.0
84.0889,327.61000000000007,571.2099999999999,0.0,0.0,0.0,1.0
121.6768704150402,836.4723096586923,1513.2099999999998,0.4523474970576925,0.0,0.0,1.0
124.44800193479782,396.00999999999993,588.3515786633697,0.7084765533440535,0.0,0.0,1.0
217.4789898701162,630.7874661533021,1691.4678865220146,0.17415488380269717,0.17415488380269717,0.0,1.0
169.25855190614368,972.738641202733,1682.5062962456807,0.0,0.0,0.0,1.0
33.89972007094471,396.00999999999993,630.0100000000001,1.0,0.0,0.10248808864144521,1.0
173.7905026143958,784.0,1232.01,0.0,0.0,0.0,1.0
12.417568421427164,110.85839458473066,206.78795242450713,0.0,0.0,0.0,1.0
54.4644,259.21000000000004,506.399978177795,0.4575829484147603,0.0,0.4575829484147603,1.0
222.8027090875041,576.1749431141479,1167.821293128924,0.0,0.0,0.0,1.0
46.91731128034026,327.61000000000007,539.9650354991519,0.0,0.0,0.0,1.0
156.238951663056,1366.5219274282013,6086.33554046246,0.3637378187811511,0.0,0.3637378187811511,1.0
48.466036332097936,225.0,396.00999999999993,0.3335611622162322,0.0,0.0,1.0
34.52135347967338,146.41,353.33742422466264,0.1064246635463526,0.1064246635463526,0.0,1.0
33.80266669411433,146.41,375.8916496060795,0.18614562007599367,0.0,0.0,1.0
112.2516951181471,934.8987121682351,1803.5743251040035,0.4807511952353063,0.0,0.4807511952353063,1.0
34.80127477086779,839.7361946532724,1320.4626852310573,0.8873777209564138,0.0,1.0,1.0
199.27034249337476,709.4802984784142,1262.9763984698116,0.0,0.0,0.0,1.0
18.212883747008036,551.875334874401,1696.9391085028335,0.9314883770043625,0.9314883770043625,0.9314883770043625,1.0
33.70653244848951,209.25601754207614,509.3005419471882,1.0,0.39885519442826,0.0,1.0
65.41822940767422,472.6450654771597,722.9370697836664,0.0,0.0,0.0,1.0
5.747160206837182,137.7738465887024,247.4617192332799,0.8054920402860906,0.8054920402860906,0.0,1.0
226.63375345508976,887.6574503762746,1567.3566202662241,0.0,0.0,0.0,1.0
115.27917297624602,537.7493587733461,1296.0,0.6134351145389226,0.0,0.0,1.0
86.7889363430264,435.4265418499138,670.81,0.0,0.0,0.0,1.0
167.68639687264366,943.5911517993752,1908.1090625173003,0.6484584532308446,0.0,0.6484584532308446,1.0
116.57077379030694,702.8626384498817,1265.7263436949936,0.0,0.0,0.0,1.0
130.1881,413.03355467511193,784.0,0.6216146993751505,0.0,0.0,1.0
309.0750098164731,1863.5788307536616,3362.407653727475,0.7780763337771869,0.0,0.7780763337771869,1.0
95.31672515583077,1731.779717378073,4776.577122501403,0.7731197104805202,0.7731197104805202,0.7731197104805202,1.0
25.586976849112634,294.5145946766231,565.1812240015472,0.8571718550473171,0.0,0.8571718550473171,1.0
34.57838397384712,249.95363339517488,396.00999999999993,1.0,0.0,0.0,1.0
134.63337875422275,485.6855433887587,893.4570124954834,0.12301160940997591,0.0,0.0,1.0
62.554641945266525,990.4510681735459,3731.697173285542,1.0,0.6802220259276791,0.3197779740723209,1.0
75.16689384152534,312.48802204658887,554.6780474122381,0.0,0.0,0.0,1.0
36.38260377020598,149.39180043672837,359.73314268249953,0.0,0.0,0.0,1.0
411.33832931649533,1232.01,2151.864389759593,0.1550112869052518,0.0,0.0,1.0
6.433008624775886,146.41,264.29363389520154,1.0,1.0,0.0,1.0
338.2323805706424,1765.2561536598241,2997.4856991042493,1.0,0.7703122055618102,0.0,1.0
359.19416061056256,1825.0169786605861,2859.5709183691215,0.0,0.0,0.0,1.0
59.57840566207275,281.46819689869926,529.0,0.0,0.0,0.0,1.0
182.71477371496553,1096.2822653478183,2334.2811165483336,0.0,0.0,0.0,1.0
371.50452823628297,1232.01,1965.2833646151305,0.6612133682000852,0.0,0.0,1.0
161.95642613698658,805.6974632705279,1513.2099999999998,0.0,0.0,0.0,1.0
72.38966356374884,327.61000000000007,561.376085450516,0.0,0.0,0.0,1.0
79.10502179534996,422.06034509733115,653.6342293836656,0.0,0.0,0.0,1.0
47.80378407220455,225.0,373.88557646361653,0.0,0.0,0.0,1.0
93.17687292640784,396.00999999999993,709.3099602058758,0.0,0.0,0.0,1.0
43.50778169116235,225.0,479.60999999999996,1.0,0.6086805065416605,0.0,1.0
36.378579855902935,259.21000000000004,439.2236408543128,1.0,0.0,0.0,1.0
14.807540536258472,225.0,389.5418193066071,0.9054359547749586,0.9054359547749586,0.0,1.0
147.21277354136714,953.852388260298,1664.7321950932915,0.0,0.0,0.0,1.0
409.4757018414084,1232.01,2143.1398660049017,0.17868128271276496,0.0,0.0,1.0
182.70797865036792,1361.61,2249.5785880910084,0.6120964717425851,0.0,0.6120964717425851,1.0
130.6562817691781,524.4380726050136,851.7229159372206,0.90763459414889,0.0,0.0,1.0
358.0649842845216,1840.4099999999999,3236.511660486627,1.0,0.5478684498265814,0.45213155017341855,1.0
56.957207039261206,443.3866937642245,706.852556500056,0.0,0.0,0.0,1.0
141.35619077897758,455.3335857190754,828.570746638937,1.0,0.0,0.0,1.0
69.54146291533714,580.6710457056536,1178.5262992991754,0.0,0.0,0.0,1.0
76.83258471453803,396.00999999999993,635.5689255057562,0.0,0.0,0.0,1.0
88.24552973369286,395.0617994289543,529.5851395629215,0.0,0.0,0.0,1.0
36.9966142689524,1262.7180712547852,3518.8307942207794,1.0,0.07409320943301223,0.9259067905669878,1.0
75.94553002487906,536.7761179379862,1208.6282040249118,0.37591574303508424,0.0,0.0,1.0
67.01725609004632,396.00999999999993,640.1840317343413,0.0,0.0,0.0,1.0
53.91428315099156,396.00999999999993,630.0100000000001,0.5126233448800741,0.0,0.0,1.0
89.1646575687995,434.54482324117225,670.81,0.0,0.0,0.0,1.0
114.59330469553662,533.5050125991074,1296.0,0.6416555013357216,0.0,0.0,1.0
87.97396500590098,902.3016973426577,1633.5577282684294,0.0,0.0,0.0,1.0
5.8304911797424825,150.2522387693559,209.08318378349256,0.0,0.0,0.0,1.0
193.95527051541785,868.7815106774201,1513.2099999999998,0.0,0.0,0.0,1.0
80.78439652871663,327.61000000000007,571.2099999999999,0.0,0.0,0.0,1.0
44.997664884033945,243.00926487072087,419.6942100711409,0.5264327644174464,0.0,0.0,1.0
54.4644,266.41487262614476,517.054761362696,0.0,0.0,0.0,1.0
40.78692293061493,529.0,936.5478495144358,0.5437858877315256,0.0,0.5437858877315256,1.0
60.51163887333601,285.5300008819753,529.0,0.0,0.0,0.0,1.0
238.68271506341472,1309.744938997723,2209.0,0.5998066280688502,0.0,0.5998066280688502,1.0
38.297244957948365,836.5490376087201,1585.8215423349916,0.0,0.0,0.0,1.0
78.65491547510247,396.00999999999993,728.8343095582776,0.0,0.0,0.0,1.0
51.974804668671155,283.0752486448109,970.0138885788433,0.9506270720400909,0.9506270720400909,0.0,1.0
20.727060316278305,244.89411972329165,396.00999999999993,1.0,1.0,0.0,1.0
68.60034323636056,814.4823018876199,1555.3300283525955,0.0,0.0,0.0,1.0
6.764340841595905,146.41,251.57146160981284,1.0,0.7767162119208655,0.0,1.0
37.529072248730536,904.9110747915172,1344.529595739853,0.6720973260820745,0.0,0.6720973260820745,1.0
230.40514761638653,891.2881407121154,1513.2099999999998,0.0,0.0,0.0,1.0
35.36601473963154,259.21000000000004,421.7641495998861,1.0,0.0,0.0,1.0
30.749511289778944,253.92822707869777,396.00999999999993,0.845607339336385,0.845607339336385,0.0,1.0
99.50137851644863,415.50409513727726,755.8972677896774,0.0,0.0,0.0,1.0
54.4644,274.3761810416707,503.8553984005332,0.0,0.0,0.0,1.0
24.2064,213.1155406636015,552.0560088358388,0.4537785160900535,0.0,0.0,1.0
54.4644,288.7322257918364,479.60999999999996,0.008988728035031035,0.0,0.008988728035031035,1.0
58.569270883146366,292.8553416143356,529.0,0.0,0.0,0.0,1.0
76.03840000000001,1057.9352661277733,7004.938972371201,0.15142577922920764,0.15142577922920764,0.0,1.0
126.05956032852895,479.60999999999996,940.8418200709316,0.0,0.0,0.0,1.0
229.53325938494058,1580.0707897512252,3248.708759843646,1.0,0.5217956866171184,0.4782043133828816,1.0
144.09790853149607,479.60999999999996,855.9254656928371,0.8286244464591646,0.0,0.0,1.0
280.96741768039874,1770.2871280658724,3517.595075880179,1.0,0.07057454904803495,0.929425450951965,1.0
31.608713441252668,377.68615422380344,1872.0182486854321,0.8287651081562799,0.0,0.8287651081562799,1.0
164.40357962654966,968.7301000266315,1675.475996877135,0.0,0.0,0.0,1.0
53.98389907384151,396.00999999999993,677.7887759597752,0.0,0.0,0.0,1.0
40.80020970356489,1222.198765812638,3550.509983156926,1.0,0.16429847990240676,0.8357015200975932,1.0
87.63643475345614,784.0,1513.2099999999998,0.0,0.0,0.33397227460555823,1.0
52.35203978650447,427.55237693097405,967.21,0.6226988405385874,0.6226988405385874,0.6226988405385874,1.0
130.1881,456.9912777967538,795.4137745274331,0.18171906587220288,0.0,0.0,1.0
133.30511889786703,448.6468296859665,796.4397143894213,0.19805308691961931,0.0,0.0,1.0
13.57286993894039,169.0,271.2501816133141,0.0,0.0,0.0,1.0
351.1605631467198,1941.5454004706535,2905.21,0.007563947009607497,0.0,0.0,1.0
47.50892898441285,225.0,479.60999999999996,1.0,0.955301255655909,0.0,1.0
81.18264871516915,558.0890685308193,1006.3468917760064,0.3108488857896399,0.0,0.3108488857896399,1.0
24.2064,209.58937372927994,546.3729425396299,0.5884164288171081,0.0,0.0,1.0
173.6774824106249,630.0100000000001,1296.0,0.0,0.0,0.0,1.0
7.341671628326388,146.41,249.9526754470981,1.0,0.7293971191785467,0.0,1.0
33.478056212829735,146.41,357.42000010517734,0.10721772670927465,0.10721772670927465,0.0,1.0
359.7159672732909,1232.01,1910.0658927744712,0.811020665849667,0.0,0.0,1.0
48.194291370352495,439.2938335882508,2005.274856766871,0.24598008770581148,0.0,0.24598008770581148,1.0
39.303797090963904,215.41057643480255,497.6940637604086,1.0,0.6338517157236564,0.0,1.0
60.84017592381487,1008.7150958777595,3717.41781735722,1.0,0.6395621098471485,0.36043789015285155,1.0
423.2769328155715,1230.998512316001,2207.2076619131526,0.0,0.0,0.0,1.0
18.66693199396001,225.0,396.00999999999993,1.0,0.7527791020587187,0.0,1.0
144.11159481918352,479.60999999999996,855.8572362873265,0.8299071951997287,0.0,0.0,1.0
177.72914478104644,852.3054026138077,1513.2099999999998,0.0,0.0,0.0,1.0
7.417481679827623,108.03337798112541,286.3214445431001,0.9100854160154438,0.0,0.0,1.0
61.135990817719104,289.0,527.752285117561,0.0,0.0,0.0,1.0
58.56056930664742,396.00999999999993,656.6263803725046,0.0,0.0,0.0,1.0
74.71554832247787,396.00999999999993,670.81,0.0,0.0,0.0,1.0
81.21611488853563,1039.0773405025693,2387.083124001282,0.0,0.0,0.0,1.0
358.4206812424104,1404.001777701855,2790.0669800662463,0.06697738123234653,0.06697738123234653,0.0,1.0
176.52965479951126,611.6997909685734,1296.0,0.12174341111320897,0.0,0.0,1.0
30.70300831556918,146.41,393.12202498363393,0.401525312295424,0.0,0.0,1.0
44.8049003769906,234.54286790633108,468.83975358481604,1.0,0.7210503388970748,0.0,1.0
96.02359306865783,909.306630401308,1637.7938509926846,0.0,0.0,0.0,1.0
40.54438526029975,318.2208522989386,529.0,0.0,0.0,0.0,1.0
208.43339202885164,601.1322957136913,1227.2435612230745,0.0,0.0,0.0,1.0
24.2064,249.01748407313647,571.2099999999999,0.3752731886427574,0.0,0.3752731886427574,1.0
97.11701706873107,414.1071526335059,670.81,0.0,0.0,0.0,1.0
114.58096594401825,533.4286569280919,1296.0,0.6421631853185381,0.0,0.0,1.0
33.872400000000006,258.4755060207886,394.54144144466346,0.9785298456822152,0.0,0.0,1.0
154.36401670639518,447.9705931214139,892.3768012940402,1.0,0.0,0.0,1.0
85.11149593608093,369.10141047870843,545.6054322177444,0.0,0.0,0.0,1.0
12.93115173995286,396.00999999999993,630.0100000000001,1.0,0.0,0.9348383717071745,1.0
170.93184916248254,885.7355454957061,1536.485277428608,0.0,0.0,0.0,1.0
154.35786793835953,630.0100000000001,1296.0,0.0,0.0,0.0,1.0
207.01069627557965,602.9903929446292,1231.6676022491172,0.0,0.0,0.0,1.0
36.46419204836026,146.41,361.0967672900289,0.0012095911253608982,0.0,0.0,1.0
80.24761219863983,327.61000000000007,571.2099999999999,0.0,0.0,0.0,1.0
54.330148336359386,225.2230356164115,396.00999999999993,0.006519602935150193,0.0,0.0,1.0
58.5488807015857,198.81,564.7077677514325,0.15404482939036757,0.0,0.0,1.0
25.621621760597833,648.342360484003,1614.9580110284933,0.637518866093317,0.637518866093317,1.0,1.0
228.70452773024203,974.7364597456364,1669.4333094037818,0.0,0.0,0.0,1.0
218.0870556026536,588.5242271834845,1197.224350436868,0.0,0.0,0.0,1.0
14.366700341332606,146.41,303.8727200055395,1.0,1.0,0.0,1.0
40.26172216145705,315.848608074392,2042.7006514153607,0.17663557943678965,0.17663557943678965,0.0,1.0
112.0931836533864,405.3850994582243,670.81,0.0,0.0,0.0,1.0
84.0889,327.61000000000007,571.2099999999999,0.0,0.0,0.0,1.0
58.30708589911026,289.0,507.3388708535402,0.0,0.0,0.0,1.0
28.5877070036355,566.8586839132314,1082.3735871703134,0.10308732733400872,0.0,0.10308732733400872,1.0
