PRCP,TMAX,5 second wind speed squared,2 min wind speed squared,Avg Wind Speed Squared,Fog/Ice,Heavy/Freezing Fog,Thunder,Smoke/Haze,Power Outage
0.02402745995423341,0.6387468030690537,0.009205550672568306,0.010811864078413705,0.03425492020708197,0.5217391304347827,0.15217391304347824,0.06521739130434788,0.17391304347826095,0.0
0.0,0.7647058823529411,0.5076754069565768,0.01189319030773502,0.0024735980951762146,1.0,1.0,2.7755575615628914e-17,1.0,0.0
0.007368421052631578,0.8647058823529412,0.20613534074986065,0.07362995383034554,0.09919244838394656,0.5999999999999999,0.2,2.7755575615628914e-17,0.4,0.0
0.0,0.7647058823529411,0.957099981893008,0.20205120305781865,0.017456184822835827,0.0,2.7755575615628914e-17,2.7755575615628914e-17,2.7755575615628914e-17,0.0
0.15,0.5549019607843138,0.03699451772053443,0.08754664979964165,0.22179815153460147,0.4,1.3877787807814454e-17,0.20000000000000004,0.20000000000000004,0.0
0.07894736842105263,0.38235294117647056,0.7463217023551584,0.6680708861204699,0.16112227176229918,1.0,2.7755575615628914e-17,2.7755575615628914e-17,2.7755575615628914e-17,0.0
0.0,0.8039215686274509,0.12473999942777182,0.08874247389202884,0.05142386681927163,0.0,2.7755575615628914e-17,2.7755575615628914e-17,2.7755575615628914e-17,0.0
0.0,0.8872549019607843,0.20658130753645235,0.6395242495914796,0.0494646054779623,0.0,2.7755575615628914e-17,0.5,2.7755575615628914e-17,0.0
0.0,0.9215686274509804,0.3446087459172274,0.015203688622321588,0.017456184822835827,0.0,2.7755575615628914e-17,2.7755575615628914e-17,2.7755575615628914e-17,0.0
0.03814241486068111,0.6273356401384084,0.022569314235692257,0.06102440587722524,0.15598143810354614,0.3176470588235297,0.04705882352941187,0.07058823529411767,0.16470588235294129,0.0
0.14210526315789473,0.5,0.5162205396616176,0.7501372454019432,0.17799607289482094,1.0,2.7755575615628914e-17,2.7755575615628914e-17,2.7755575615628914e-17,0.0
0.2087719298245614,0.6405228758169934,0.07534441846988063,0.21729209835294933,0.4811422458200007,0.3333333333333333,0.33333333333333337,0.33333333333333337,0.33333333333333337,0.0
0.06396761133603239,0.616892911010558,0.05368515386358241,0.13988931775756758,0.36019021264361123,0.15384615384615385,0.07692307692307694,2.7755575615628914e-17,8.326672684688674e-17,0.0
0.14661654135338345,0.7633053221288516,0.0865729651685675,0.027187889312904882,0.0577560852746342,0.5714285714285714,0.14285714285714288,2.0816681711721685e-17,0.2857142857142857,0.0
0.05826538176426984,0.6560342446837889,0.016162436658166256,0.050576725043661466,0.11739556022045805,0.4507042253521129,0.12676056338028166,0.1549295774647887,0.22535211267605645,0.0
0.09473684210526316,0.5490196078431373,0.5788475333079723,0.1803622366762864,0.6033781114870381,1.0,2.7755575615628914e-17,2.7755575615628914e-17,2.7755575615628914e-17,0.0
0.0,0.3529411764705882,0.39822761485984537,0.3141597117191168,0.08944126108751266,1.0,2.7755575615628914e-17,2.7755575615628914e-17,1.0,0.0
0.03157894736842105,0.5882352941176471,0.23156529349138502,0.029009888100727996,0.08360056570912572,1.0,2.7755575615628914e-17,2.7755575615628914e-17,1.0,0.0
0.18421052631578946,0.392156862745098,0.7576093300701947,0.371606163216148,0.2634697684626358,1.0,2.7755575615628914e-17,1.0,2.7755575615628914e-17,0.0
0.017505720823798657,0.4057971014492752,0.0038456028917407867,0.012915961425115587,0.045253651552401714,0.3695652173913045,0.07608695652173911,6.245004513516506e-17,0.10869565217391317,0.0
0.9526315789473684,0.8823529411764706,0.1946110596562504,0.371606163216148,0.0563635022389077,1.0,2.7755575615628914e-17,1.0,1.0,0.0
0.0,0.2549019607843137,0.1614866194457698,0.08276335343009296,0.04257653901020522,1.0,2.7755575615628914e-17,2.7755575615628914e-17,2.7755575615628914e-17,0.0
0.0,0.8333333333333334,0.9265838276194832,0.34229674918705044,0.04257653901020522,1.0,1.0,2.7755575615628914e-17,1.0,0.0
0.05526315789473684,0.5661764705882353,0.05255456527163602,0.016692240487324386,0.04179154709920816,0.75,0.5,2.7755575615628914e-17,2.7755575615628914e-17,0.0
0.05263157894736842,0.4019607843137255,0.2966099551663716,0.12232959689867323,0.12985746312438431,1.0,1.0,2.7755575615628914e-17,2.7755575615628914e-17,0.0
0.018529199711607804,0.3172172978780551,0.010792546494054771,0.031641853405599864,0.12932942124892272,0.3013698630136987,0.027397260273972667,0.013698630136986377,0.2328767123287672,0.0
0.05,0.5055555555555555,0.029671742498632213,0.08555360964566305,0.3002635371342485,0.33333333333333337,0.033333333333333326,2.0816681711721685e-17,0.03333333333333344,0.0
0.005263157894736839,0.8431372549019608,0.4469358382871836,0.055064491701894286,0.01211358075853331,1.0,2.7755575615628914e-17,2.7755575615628914e-17,2.7755575615628914e-17,0.0
0.2,0.4019607843137255,0.7576093300701947,1.0,0.13753246278210615,1.0,2.7755575615628914e-17,2.7755575615628914e-17,1.0,0.0
0.044736842105263165,0.6470588235294118,0.14670003226210948,0.11843217756815395,0.09064066497182796,1.0,0.5,2.7755575615628914e-17,0.5,0.0
0.059649122807017535,0.676937441643324,0.019268370894522432,0.012442532467823243,0.022304925571607653,0.3333333333333333,0.19047619047619047,4.163336342344337e-17,8.326672684688674e-17,0.0
0.008771929824561405,0.7712418300653595,0.20076064831740706,0.1876710275546757,0.06332663149341639,0.6666666666666666,0.3333333333333333,3.4694469519536136e-17,0.6666666666666666,0.0
0.0,0.5098039215686274,0.39822761485984537,0.12232959689867323,0.0,1.0,2.7755575615628914e-17,2.7755575615628914e-17,1.0,0.0
0.31052631578947365,0.5588235294117647,0.4771999842576208,1.0,0.2634697684626358,1.0,2.7755575615628914e-17,2.7755575615628914e-17,2.7755575615628914e-17,0.0
0.0,0.5098039215686274,0.8730994607828154,0.18997718994853185,0.5127428616618044,0.0,2.7755575615628914e-17,2.7755575615628914e-17,2.7755575615628914e-17,0.0
0.0,0.8137254901960784,0.2143263138791904,0.905037498545724,0.005692442968799965,1.0,1.0,2.7755575615628914e-17,2.7755575615628914e-17,0.0
0.17719298245614035,0.6111111111111112,0.237811729529484,0.13845124008537835,0.23737366616254715,1.0,0.3333333333333333,0.6666666666666666,0.33333333333333337,0.0
0.06340852130325814,0.6069094304388422,0.04513509756161559,0.12176664679635715,0.34125064742140115,0.3333333333333333,0.04761904761904761,0.047619047619047665,0.09523809523809527,0.0
0.000751879699248122,0.6288515406162465,0.0294240961997277,0.0037284249710578406,0.0086017633176919,0.5714285714285714,0.14285714285714288,2.0816681711721685e-17,0.4285714285714286,0.0
0.0,0.8088235294117647,0.17997670306962962,0.17567346316698154,0.1678583054351111,1.0,0.5,0.5,2.7755575615628914e-17,0.0
0.14052631578947372,0.6627450980392157,0.059567927043270665,0.17757271319606707,0.4946393522585555,0.3,1.3877787807814454e-17,0.10000000000000003,5.551115123125783e-17,0.0
0.19473684210526315,0.4117647058823529,1.0,0.17098468965767666,0.16926828700113472,1.0,2.7755575615628914e-17,2.7755575615628914e-17,2.7755575615628914e-17,0.0
0.03157894736842105,0.3627450980392157,0.957099981893008,0.516249586920446,0.03826669535672637,1.0,2.7755575615628914e-17,2.7755575615628914e-17,2.7755575615628914e-17,0.0
0.005551550108147119,0.3926940639269405,0.0020764270786233353,0.003595815645744233,0.023149204436866317,0.3698630136986303,0.09589041095890408,0.013698630136986328,0.26027397260273977,0.0
0.8105263157894737,0.7254901960784313,0.5076754069565768,0.5022983058425956,0.026944134691247755,1.0,2.7755575615628914e-17,1.0,2.7755575615628914e-17,0.0
0.06315789473684211,0.5396078431372549,0.034096867645052,0.1079074307750313,0.3384765373958786,0.36,0.16,2.7755575615628914e-17,0.12000000000000005,0.0
0.029824561403508767,0.7941176470588235,0.1911061906905968,0.031549060336115486,0.06169282386816796,0.6666666666666666,0.6666666666666665,3.4694469519536136e-17,0.33333333333333337,0.0
0.0,0.0,0.10973671440674733,0.2355826381778077,0.00398411747721194,1.0,2.7755575615628914e-17,2.7755575615628914e-17,1.0,0.0
0.015880217785843954,0.707995267072346,0.005300126110389989,0.016085763017548105,0.04240522202210257,0.370689655172414,0.163793103448276,0.034482758620689724,0.17241379310344834,0.0
0.010526315789473686,0.7093837535014006,0.02499345952287858,0.03208455030885901,0.08083189321085703,0.3571428571428571,0.07142857142857145,0.07142857142857145,0.07142857142857145,0.0
0.015789473684210523,0.7450980392156863,0.7661304340765691,0.12232959689867323,0.005692442968799965,0.0,2.7755575615628914e-17,2.7755575615628914e-17,2.7755575615628914e-17,0.0
0.3763157894736842,0.7303921568627451,0.09048166836985262,0.19601419650317525,0.2779683636918713,0.0,2.7755575615628914e-17,2.7755575615628914e-17,2.7755575615628914e-17,0.0
0.07323308270676691,0.5963585434173669,0.025960313238925142,0.05700582167540728,0.1871646663173532,0.2285714285714288,0.028571428571428557,0.08571428571428574,0.14285714285714293,0.0
0.0543859649122807,0.7418300653594772,0.06940561814905842,0.07495679100344281,0.0958502062830277,0.3333333333333333,2.7755575615628914e-17,0.33333333333333337,0.6666666666666666,0.0
0.03796992481203007,0.7188375350140053,0.013082226377772592,0.03382410328516547,0.09662844324869443,0.22321428571428606,0.0803571428571429,0.06250000000000007,0.08928571428571414,0.0
0.04736842105263157,0.4509803921568628,0.3446087459172274,0.17098468965767666,0.4985637600816237,1.0,2.7755575615628914e-17,1.0,2.7755575615628914e-17,0.0
0.026720647773279347,0.7217194570135747,0.03683573896499341,0.01757617295946154,0.047479565209470366,0.5384615384615384,0.23076923076923075,0.07692307692307697,0.15384615384615388,0.0
0.1526315789473684,0.4019607843137255,0.5714393682959309,0.3294900007270363,0.01211358075853331,1.0,1.0,2.7755575615628914e-17,2.7755575615628914e-17,0.0
0.01586687306501551,0.3742791234140713,0.008412609050049029,0.02433770889201313,0.1035814499411408,0.2058823529411768,0.07352941176470587,0.014705882352941228,0.11764705882352955,0.0
0.0,0.3333333333333333,0.4469358382871836,0.2355826381778077,0.145076068505487,1.0,2.7755575615628914e-17,2.7755575615628914e-17,2.7755575615628914e-17,0.0
0.08947368421052633,0.6688453159041395,0.0254434078360012,0.07377865025751983,0.13869396518126584,0.26666666666666683,0.0222222222222222,0.11111111111111116,0.044444444444444564,0.0
0.09473684210526316,0.7058823529411764,0.11488647477704975,0.031764973019463176,0.05391319949134405,0.0,2.7755575615628914e-17,3.4694469519536136e-17,2.7755575615628914e-17,0.0
0.04339622641509434,0.4212911579726227,0.01312140017833097,0.03565500969569397,0.15125897261741386,0.3018867924528305,0.037735849056604,0.037735849056603835,0.10377358490566052,0.0
0.005263157894736839,0.8823529411764706,0.19896523567436372,0.481723097194169,0.1157772645989798,1.0,2.7755575615628914e-17,2.7755575615628914e-17,1.0,0.0
0.0708133971291866,0.551693404634581,0.032488111105381585,0.08376253799926671,0.18692701502574072,0.13636363636363644,0.04545454545454545,4.163336342344337e-17,0.13636363636363644,0.0
0.0,0.38235294117647056,0.957099981893008,0.08276335343009296,0.017456184822835827,1.0,2.7755575615628914e-17,2.7755575615628914e-17,1.0,0.0
0.0,0.7794117647058824,0.19547382180318693,0.1273862035540433,0.06989186667459528,0.75,0.25,0.25,0.5,0.0
0.0,0.5294117647058824,0.2875023457894976,0.037318374242626434,0.08406207924055532,0.5,0.5,2.7755575615628914e-17,2.7755575615628914e-17,0.0
0.04210526315789473,0.6568627450980392,0.053847719505967666,0.06637890249759358,0.08481114046188679,0.16666666666666666,0.16666666666666669,2.0816681711721685e-17,2.7755575615628914e-17,0.0
0.03157894736842105,0.4117647058823529,0.5624494116326495,0.12232959689867323,0.061290672604119474,1.0,2.7755575615628914e-17,2.7755575615628914e-17,2.7755575615628914e-17,0.0
0.0,0.7941176470588235,0.10649020279057682,0.10533013676179663,0.026944134691247755,1.0,1.0,2.7755575615628914e-17,2.7755575615628914e-17,0.0
0.012894736842105278,0.6458333333333335,0.011619384110754378,0.0210013838114174,0.069137030999773,0.275,0.04999999999999998,0.05000000000000003,0.2000000000000001,0.0
0.0,0.7581699346405228,0.1355394343138038,0.15066251895036803,0.062248165883037075,0.6666666666666666,0.33333333333333337,3.4694469519536136e-17,0.6666666666666666,0.0
0.0,0.7941176470588235,0.13701251075522353,0.01189319030773502,0.009802845751490551,1.0,1.0,2.7755575615628914e-17,2.7755575615628914e-17,0.0
0.02860998650472335,0.6877828054298644,0.015509344717770438,0.022211005874101342,0.05593163185392839,0.2820512820512822,0.15384615384615385,0.07692307692307694,0.051282051282051384,0.0
0.24210526315789474,0.6078431372549019,0.5390885349693468,0.060722674080211564,0.17799607289482094,1.0,2.7755575615628914e-17,2.7755575615628914e-17,2.7755575615628914e-17,0.0
0.018045112781954892,0.5966386554621849,0.04531146151193248,0.08200968278363044,0.19537551151606092,0.14285714285714282,0.14285714285714288,2.0816681711721685e-17,0.0,0.0
0.10328947368421054,0.6636029411764706,0.040525472720080835,0.12337072224013808,0.2208779291089877,0.25,0.06250000000000001,0.125,0.12500000000000006,0.0
0.027095516569200784,0.4059549745824257,0.01920751772676138,0.048217215541077975,0.17889818863687004,0.2592592592592593,0.1111111111111111,0.03703703703703707,0.07407407407407418,0.0
0.011239964317573624,0.3863409770687934,0.016175473090062467,0.05518100904190318,0.2173663914057776,0.2711864406779664,0.01694915254237292,5.551115123125783e-17,0.13559322033898316,0.0
0.017543859649122806,0.7418300653594772,0.16679637578524167,0.036561458625325,0.046820719754039286,0.6666666666666666,2.7755575615628914e-17,3.4694469519536136e-17,0.33333333333333337,0.0
0.03157894736842105,0.7235294117647059,0.0608437044260057,0.11093526910072124,0.1484863847888737,0.5999999999999999,0.2,2.7755575615628914e-17,0.6000000000000001,0.0
0.07229394240317775,0.6907140214576398,0.01999551823978705,0.05551798575801807,0.13373441506255432,0.2641509433962267,0.07547169811320753,0.056603773584905676,0.13207547169811332,0.0
0.0,0.8529411764705882,0.9784327777822772,0.20205120305781865,0.01474084640989064,1.0,1.0,2.7755575615628914e-17,2.7755575615628914e-17,0.0
0.04031354983202688,0.6058614935335838,0.015937796241475895,0.0364095017856752,0.13087053900995305,0.29787234042553223,0.07446808510638303,0.07446808510638303,0.1170212765957448,0.0
0.0,0.3529411764705882,0.27852367089327296,0.22491254600051472,0.20465269395369254,0.0,2.7755575615628914e-17,2.7755575615628914e-17,2.7755575615628914e-17,0.0
0.15789473684210525,0.4803921568627451,0.08257256359719711,0.11382986683023492,0.2110604471358064,1.0,2.7755575615628914e-17,2.7755575615628914e-17,2.7755575615628914e-17,0.0
0.0,0.6917211328976035,0.05801194507960911,0.020910231533786884,0.048227318272505135,0.4444444444444444,0.11111111111111112,2.0816681711721685e-17,0.33333333333333337,0.0
0.4894736842105264,0.7352941176470588,0.35230965080692506,0.08276335343009296,0.0955732504836339,1.0,2.7755575615628914e-17,2.7755575615628914e-17,2.7755575615628914e-17,0.0
0.021052631578947368,0.7549019607843137,0.08035547659584807,0.023802093717991173,0.04841147866674052,0.8333333333333333,0.8333333333333333,0.1666666666666667,0.16666666666666669,0.0
0.0,0.7058823529411764,0.21889147359291192,0.005386500393275357,0.00398411747721194,0.0,2.7755575615628914e-17,2.7755575615628914e-17,2.7755575615628914e-17,0.0
0.17565789473684212,0.6262254901960784,0.04719056121459536,0.14470825042907765,0.22343980431090624,0.5,2.7755575615628914e-17,0.2500000000000001,0.375,0.0
0.0,0.7450980392156863,0.2397554168252741,0.22491254600051472,0.10873205670741512,1.0,1.0,2.7755575615628914e-17,2.7755575615628914e-17,0.0
0.015789473684210537,0.3315736551030667,0.022508661196591683,0.0696258219294401,0.31147735107208563,0.3333333333333335,0.02564102564102562,6.938893903907227e-18,0.20512820512820526,0.0
0.021052631578947368,0.3284313725490196,0.14439694010150905,0.0747325739861202,0.2661245185372729,0.5,2.7755575615628914e-17,2.7755575615628914e-17,2.7755575615628914e-17,0.0
0.01611039794608475,0.7497608799617406,0.00451108700191885,0.009814295016563841,0.025820577747447702,0.40243902439024415,0.17073170731707324,0.04878048780487808,0.1951219512195123,0.0
0.05592105263157893,0.3553921568627451,0.0496813775835277,0.13973261102996296,0.628486230508282,0.125,2.7755575615628914e-17,2.0816681711721685e-17,0.125,0.0
0.042105263157894736,0.4019607843137255,0.12473999942777182,0.2601439271341914,0.03826669535672637,1.0,2.7755575615628914e-17,2.7755575615628914e-17,1.0,0.0
0.005263157894736839,0.5196078431372549,0.10084052827484727,0.07835155388336303,0.2779683636918713,1.0,2.7755575615628914e-17,2.7755575615628914e-17,0.5,0.0
0.0,0.7091503267973855,0.1946110596562504,0.07247526061564588,0.02327852319484386,0.6666666666666666,0.33333333333333337,3.4694469519536136e-17,0.6666666666666666,0.0
0.005263157894736839,0.696078431372549,0.5076754069565768,0.10533013676179663,0.017456184822835827,1.0,1.0,2.7755575615628914e-17,2.7755575615628914e-17,0.0
0.0013157894736842116,0.7598039215686274,0.2079601006388972,0.1273862035540433,0.042586705181641385,1.0,0.5,2.7755575615628914e-17,0.5,0.0
0.0,0.5294117647058824,0.17583351074712442,0.11453475823763473,0.2428993634852783,1.0,2.7755575615628914e-17,2.7755575615628914e-17,2.7755575615628914e-17,0.0
0.1842105263157895,0.4019607843137255,0.2421672241956949,0.0753619936523951,0.1874639969380922,1.0,0.5,2.7755575615628914e-17,2.7755575615628914e-17,0.0
0.02894736842105263,0.8235294117647058,0.2143263138791904,0.057893582891052925,0.07840079890781604,1.0,0.5,2.7755575615628914e-17,0.5,0.0
0.058187134502923975,0.4580610021786493,0.03990780207857196,0.11095518321925324,0.4420744493425979,0.3333333333333333,0.0,4.163336342344337e-17,0.11111111111111112,0.0
0.0,0.7745098039215687,0.20658130753645235,0.22491254600051472,0.01465941486582391,1.0,1.0,2.7755575615628914e-17,0.5,0.0
0.07611336032388663,0.690422322775264,0.020284721733333996,0.035866994605608625,0.10588644825847864,0.4230769230769231,0.038461538461538464,0.15384615384615385,0.15384615384615388,0.0
0.006140350877192978,0.6895424836601307,0.04582066898680899,0.02561463673057396,0.07379475695289497,0.5,0.16666666666666669,2.0816681711721685e-17,0.16666666666666669,0.0
0.017105263157894728,0.6519607843137255,0.12903029427138155,0.04260176248904663,0.09020653369110083,0.75,0.25,2.7755575615628914e-17,2.7755575615628914e-17,0.0
0.048582995951417005,0.5942684766214178,0.035071928794305096,0.08644281217589965,0.2256121721052108,0.4615384615384615,0.15384615384615385,0.07692307692307694,0.15384615384615385,0.0
0.3105263157894737,0.8480392156862745,0.09738860058836936,0.05459700654813017,0.05892680785690774,1.0,2.7755575615628914e-17,0.5,1.0,0.0
0.0368421052631579,0.8431372549019608,0.06745206541194586,0.18997718994853185,0.12985746312438431,0.0,2.7755575615628914e-17,2.7755575615628914e-17,2.7755575615628914e-17,0.0
0.1263157894736842,0.5686274509803921,0.3920800774290627,0.1803622366762864,0.08944126108751266,1.0,1.0,2.7755575615628914e-17,2.7755575615628914e-17,0.0
0.0,0.1862745098039216,0.14439694010150905,0.1803622366762864,0.16112227176229918,0.0,2.7755575615628914e-17,2.7755575615628914e-17,1.0,0.0
0.028618421052631574,0.4113562091503267,0.02651205287095128,0.0712893284504935,0.3077727685968906,0.14583333333333354,0.04166666666666665,2.0816681711721685e-17,0.10416666666666677,0.0
0.04802631578947368,0.7144607843137255,0.030084655172912006,0.06139569149985472,0.11674800625541387,0.25,0.12500000000000006,2.0816681711721685e-17,2.7755575615628914e-17,0.0
0.1894736842105263,0.4705882352941176,0.2143263138791904,0.5906940330836524,0.16112227176229918,1.0,2.7755575615628914e-17,1.0,2.7755575615628914e-17,0.0
0.0,0.4215686274509804,0.17997670306962962,0.2355826381778077,0.145076068505487,1.0,2.7755575615628914e-17,2.7755575615628914e-17,2.7755575615628914e-17,0.0
0.34210526315789475,0.7745098039215687,0.08866208051168754,0.2601439271341914,0.1952951162938492,0.0,2.7755575615628914e-17,2.7755575615628914e-17,2.7755575615628914e-17,0.0
0.0824561403508772,0.5326797385620915,0.06386944504735513,0.14749759072545934,0.4948551679877241,0.6666666666666666,2.7755575615628914e-17,3.4694469519536136e-17,2.7755575615628914e-17,0.0
0.02938596491228069,0.4861111111111111,0.03928007674531928,0.13123098806186864,0.5390488604930863,0.3333333333333333,1.3877787807814454e-17,0.08333333333333336,0.08333333333333336,0.0
0.007894736842105262,0.7794117647058824,0.20165835463892867,0.022341263673757567,0.04856558897075637,1.0,0.5,0.5,0.5,0.0
0.07719298245614034,0.7794117647058824,0.05153481074286324,0.11559893421200786,0.12062821422156453,0.6666666666666666,0.16666666666666669,0.5000000000000001,0.33333333333333337,0.0
0.09047619047619047,0.4332399626517274,0.029452645977585783,0.07051146009137721,0.28760780630017724,0.3333333333333333,0.04761904761904763,0.04761904761904765,0.09523809523809527,0.0
0.010000000000000021,0.6816993464052289,0.012710323659326605,0.010155630546043364,0.027573490521075363,0.5,0.2,0.06666666666666671,0.1666666666666667,0.0
0.0,0.5049019607843137,0.16881522602259225,0.19601419650317525,0.044845281087999,1.0,2.7755575615628914e-17,2.7755575615628914e-17,0.5,0.0
0.014342105263157918,0.4843137254901961,0.01352397349045216,0.04929548310177947,0.1418413664478743,0.25000000000000017,0.125,0.02500000000000001,0.15000000000000008,0.0
0.00197368421052631,0.5453431372549019,0.029117646568041288,0.11090680233234547,0.257274942931507,0.0,2.7755575615628914e-17,2.0816681711721685e-17,2.7755575615628914e-17,0.0
0.01564327485380118,0.4193899782135077,0.0,0.0,0.0135166486468298,0.4166666666666667,0.25,6.938893903907227e-18,0.3055555555555556,0.0
0.3578947368421053,0.8039215686274509,0.12128250411599313,0.13217902548315147,0.03434653791287173,0.0,2.7755575615628914e-17,2.7755575615628914e-17,2.7755575615628914e-17,0.0
0.044561403508771934,0.6633986928104576,0.02357738077335373,0.014727899134582568,0.049647807720473267,0.2,0.2,3.4694469519536136e-17,0.06666666666666672,0.0
0.012083780880773382,0.3269307723089237,0.006047404729649692,0.019095216162469668,0.07416357076459565,0.4081632653061226,0.030612244897959343,4.163336342344337e-17,0.1836734693877552,0.0
0.08684210526315787,0.7254901960784313,0.06745206541194586,0.11843217756815395,0.0994115676931128,1.0,0.5,0.5,0.5,0.0
0.040350877192982436,0.6189542483660131,0.028456535018511336,0.024917512317891858,0.06633703068644373,0.4,0.2,3.4694469519536136e-17,0.06666666666666672,0.0
0.04343770819453699,0.6859022089848597,0.01103444284978089,0.0313340133316632,0.08609587483030526,0.27848101265822817,0.13924050632911392,0.03797468354430382,0.08860759493670894,0.0
0.22024291497975707,0.6915535444947211,0.03465016427202687,0.05843135427422912,0.16482131203013092,0.15384615384615385,0.07692307692307693,0.07692307692307694,8.326672684688674e-17,0.0
0.01698113207547172,0.7522197558268588,0.002704331773667459,0.004965661448442503,0.01971373032839081,0.3396226415094342,0.2075471698113208,0.009433962264151052,0.13207547169811326,0.0
0.0736842105263158,0.4705882352941176,0.06489125080650186,0.18677220552445006,0.693661683301384,0.3333333333333333,2.7755575615628914e-17,3.4694469519536136e-17,2.7755575615628914e-17,0.0
0.13258145363408524,0.5028011204481793,0.034002693565490905,0.08044079172124431,0.3986316814917617,0.42857142857142855,0.047619047619047616,0.04761904761904764,0.047619047619047714,0.0
0.3561403508771929,0.5392156862745098,0.051024933478476864,0.1674475318745984,0.019575788995373163,1.0,2.7755575615628914e-17,0.6666666666666666,0.6666666666666666,0.0
0.02456140350877193,0.4068627450980392,0.05486747403474043,0.17077903526923915,0.5718030728470723,0.6666666666666666,2.7755575615628914e-17,2.0816681711721685e-17,0.16666666666666669,0.0
0.060526315789473685,0.8382352941176471,0.11376914028905825,0.11875458112247406,0.13286654769691772,0.0,2.7755575615628914e-17,2.7755575615628914e-17,2.7755575615628914e-17,0.0
0.008771929824561405,0.7745098039215687,0.1355394343138038,0.0845409693909577,0.09758039670614684,1.0,0.33333333333333337,3.4694469519536136e-17,0.33333333333333337,0.0
1.0,0.38235294117647056,0.3920800774290627,0.12232959689867323,0.6354613224687103,1.0,2.7755575615628914e-17,2.7755575615628914e-17,2.7755575615628914e-17,0.0
0.04511278195488723,0.3788515406162464,0.020264675813475786,0.05942883791162469,0.2839862457806496,0.19047619047619074,0.023809523809523798,0.0,0.14285714285714293,0.0
0.043012704174228665,0.5402298850574713,0.02669974613399737,0.08400041283601074,0.2439434967609073,0.27586206896551724,0.03448275862068964,0.03448275862068968,0.10344827586206903,0.0
0.0,0.8431372549019608,0.08866208051168754,0.08276335343009296,0.01474084640989064,1.0,2.7755575615628914e-17,1.0,1.0,0.0
0.04433198380566803,0.7007918552036198,0.006995972272036346,0.017905833411966682,0.052613354069022115,0.19230769230769265,0.08653846153846173,0.028846153846153914,0.09615384615384596,0.0
0.5736842105263158,0.5098039215686274,0.06489125080650186,0.2355826381778077,0.2956302219127075,1.0,1.0,2.7755575615628914e-17,2.7755575615628914e-17,0.0
0.005263157894736839,0.7647058823529411,0.20435147360349365,0.34229674918705044,0.07751465614534335,1.0,2.7755575615628914e-17,2.7755575615628914e-17,1.0,0.0
0.0,0.2352941176470588,0.18935375620776992,0.44836898402905606,0.0563635022389077,1.0,2.7755575615628914e-17,2.7755575615628914e-17,1.0,0.0
0.09721362229102168,0.5934256055363322,0.037052365864526336,0.11049583478026616,0.2183847844982612,0.2941176470588235,0.0,0.11764705882352945,0.05882352941176476,0.0
0.0031578947368421004,0.7058823529411764,0.04194554317089039,0.06263921666357425,0.1704998343782523,0.2,0.2,0.20000000000000004,0.20000000000000004,0.0
0.028554143980641274,0.6036736533693938,0.010017614940836478,0.025345301744586456,0.0790601115024133,0.3218390804597704,0.09195402298850576,0.022988505747126527,0.14942528735632196,0.0
0.1309941520467836,0.6514161220043573,0.03940881587069499,0.08483455202148249,0.2315683338483967,0.5555555555555556,2.7755575615628914e-17,0.22222222222222224,0.22222222222222224,0.0
0.02852784134248665,0.743535095197499,0.008461368115061074,0.0240583174649818,0.06515581974007899,0.202898550724638,0.028985507246376958,0.028985507246376864,0.08695652173913056,0.0
0.0,0.7843137254901961,0.17997670306962962,0.02842369982014605,0.04257653901020522,0.0,2.7755575615628914e-17,2.7755575615628914e-17,2.7755575615628914e-17,0.0
0.01578947368421052,0.7777777777777777,0.02242873083498629,0.09980091580520736,0.055379716550111605,0.3333333333333333,2.7755575615628914e-17,0.33333333333333337,2.7755575615628914e-17,0.0
0.0,0.38235294117647056,0.0331968111995876,0.10533013676179663,0.4294460550248371,0.0,2.7755575615628914e-17,2.7755575615628914e-17,2.7755575615628914e-17,1.0
0.005263157894736842,0.5686274509803921,0.07663600986202261,0.20205120305781865,0.7712746294660402,0.0,2.7755575615628914e-17,2.7755575615628914e-17,2.7755575615628914e-17,1.0
0.0,0.7549019607843137,0.013833196469327857,0.019572256783358586,0.12985746312438431,0.0,2.7755575615628914e-17,2.7755575615628914e-17,2.7755575615628914e-17,1.0
0.5157894736842105,0.8137254901960784,0.03096946804636871,0.07414638570553825,0.1157772645989798,0.0,2.7755575615628914e-17,2.7755575615628914e-17,2.7755575615628914e-17,1.0
0.005263157894736842,0.7058823529411764,0.03096946804636871,0.07414638570553825,0.1952951162938492,0.0,2.7755575615628914e-17,2.7755575615628914e-17,2.7755575615628914e-17,1.0
0.0,0.7647058823529411,0.02346782553585646,0.06796063387469721,0.21380572211388524,0.0,2.7755575615628914e-17,2.7755575615628914e-17,2.7755575615628914e-17,1.0
0.1368421052631579,0.7843137254901961,0.012596304553825035,0.03278933703978013,0.1227184608069059,0.0,2.7755575615628914e-17,2.7755575615628914e-17,2.7755575615628914e-17,1.0
0.0,0.8627450980392157,0.0291998422994553,0.07414638570553825,0.0563635022389077,0.0,2.7755575615628914e-17,2.7755575615628914e-17,2.7755575615628914e-17,1.0
0.0,0.29411764705882354,0.013833196469327857,0.038447519418097424,0.16926828700113472,0.0,2.7755575615628914e-17,2.7755575615628914e-17,2.7755575615628914e-17,1.0
0.0,0.3431372549019608,0.03096946804636871,0.07414638570553825,0.4701771529447874,0.0,2.7755575615628914e-17,2.7755575615628914e-17,2.7755575615628914e-17,1.0
0.0,0.4215686274509804,0.01861549356977942,0.048471339016048776,0.15281748033842013,0.0,2.7755575615628914e-17,2.7755575615628914e-17,2.7755575615628914e-17,1.0
0.0,0.5196078431372549,0.10973671440674733,0.3141597117191168,1.0,0.0,2.7755575615628914e-17,2.7755575615628914e-17,2.7755575615628914e-17,1.0
0.11052631578947368,0.5686274509803921,0.04903230968662206,0.14050143359671372,0.4701771529447874,0.0,2.7755575615628914e-17,2.7755575615628914e-17,2.7755575615628914e-17,1.0
0.0,0.7549019607843137,0.02346782553585646,0.02842369982014605,0.13753246278210615,0.0,2.7755575615628914e-17,2.7755575615628914e-17,2.7755575615628914e-17,1.0
0.1526315789473684,0.8725490196078431,0.03940881587069499,0.14050143359671372,0.08944126108751266,0.0,2.7755575615628914e-17,2.7755575615628914e-17,2.7755575615628914e-17,1.0
0.0,0.6078431372549019,0.07331272362328356,0.20205120305781865,0.41647177247556605,0.0,2.7755575615628914e-17,2.7755575615628914e-17,2.7755575615628914e-17,1.0
0.0,0.5980392156862745,0.08222707779563876,0.2754434412573804,0.7189060749975326,0.0,2.7755575615628914e-17,2.7755575615628914e-17,2.7755575615628914e-17,1.0
0.03157894736842105,0.4215686274509804,0.01861549356977942,0.060722674080211564,0.1227184608069059,0.0,2.7755575615628914e-17,2.7755575615628914e-17,2.7755575615628914e-17,1.0
0.0,0.4607843137254902,0.004690569659641054,0.015203688622321588,0.01745618482283582,0.0,2.7755575615628914e-17,2.7755575615628914e-17,2.7755575615628914e-17,1.0
0.0,0.0,0.04611370189737588,0.13217902548315147,0.32962528615984577,0.0,2.7755575615628914e-17,2.7755575615628914e-17,2.7755575615628914e-17,1.0
0.005263157894736842,0.3137254901960784,0.007673351656301374,0.02341032455046891,0.08944126108751266,0.0,2.7755575615628914e-17,2.7755575615628914e-17,2.7755575615628914e-17,1.0
0.0,0.3137254901960784,0.011149015008535192,0.03278933703978013,0.12985746312438431,0.0,2.7755575615628914e-17,2.7755575615628914e-17,2.7755575615628914e-17,1.0
0.04736842105263157,0.3725490196078432,0.013833196469327857,0.038447519418097424,0.16926828700113472,0.0,2.7755575615628914e-17,2.7755575615628914e-17,2.7755575615628914e-17,1.0
0.0,0.4509803921568628,0.027101433626885836,0.08276335343009296,0.22315655638363024,0.0,2.7755575615628914e-17,2.7755575615628914e-17,2.7755575615628914e-17,1.0
0.0,0.5882352941176471,0.0414368966447284,0.11453475823763473,0.5277779650941694,0.0,2.7755575615628914e-17,2.7755575615628914e-17,2.7755575615628914e-17,1.0
0.08421052631578947,0.6274509803921569,0.035071928794305096,0.08276335343009296,0.3781776948681372,0.0,2.7755575615628914e-17,2.7755575615628914e-17,2.7755575615628914e-17,1.0
0.3052631578947368,0.8627450980392157,0.010017614940836451,0.02341032455046891,0.06129067260411949,0.0,2.7755575615628914e-17,2.7755575615628914e-17,2.7755575615628914e-17,1.0
0.0,0.7941176470588235,0.05643402797463099,0.03278933703978013,0.08944126108751266,0.0,2.7755575615628914e-17,2.7755575615628914e-17,2.7755575615628914e-17,1.0
0.10526315789473684,0.8039215686274509,0.025437299727776492,0.060722674080211564,0.2428993634852783,0.0,2.7755575615628914e-17,2.7755575615628914e-17,2.7755575615628914e-17,1.0
0.431578947368421,0.8823529411764706,0.0414368966447284,0.10533013676179663,0.22315655638363024,0.0,2.7755575615628914e-17,2.7755575615628914e-17,2.7755575615628914e-17,1.0
0.005263157894736842,0.7352941176470588,0.0036881040725917397,0.01189319030773502,0.04257653901020522,0.0,2.7755575615628914e-17,2.7755575615628914e-17,2.7755575615628914e-17,1.0
0.0,0.7254901960784313,0.013833196469327857,0.02341032455046891,0.04690129985996228,0.0,2.7755575615628914e-17,2.7755575615628914e-17,2.7755575615628914e-17,1.0
0.005263157894736842,0.7549019607843137,0.027101433626885836,0.060722674080211564,0.1952951162938492,0.0,2.7755575615628914e-17,2.7755575615628914e-17,2.7755575615628914e-17,1.0
0.24736842105263154,0.6274509803921569,0.04398012927553839,0.08874247389202884,0.5277779650941694,0.0,2.7755575615628914e-17,2.7755575615628914e-17,2.7755575615628914e-17,1.0
0.0,0.3431372549019608,0.011149015008535192,0.02842369982014605,0.16112227176229918,0.0,2.7755575615628914e-17,2.7755575615628914e-17,2.7755575615628914e-17,1.0
0.0,0.3235294117647059,0.0029206508798170694,0.005386500393275357,0.023626386762847854,0.0,2.7755575615628914e-17,2.7755575615628914e-17,2.7755575615628914e-17,1.0
0.0,0.3333333333333333,0.0414368966447284,0.12232959689867323,0.4566004608800616,0.0,2.7755575615628914e-17,2.7755575615628914e-17,2.7755575615628914e-17,1.0
0.2263157894736842,0.5882352941176471,0.07663600986202261,0.2355826381778077,0.807477438762355,0.0,2.7755575615628914e-17,2.7755575615628914e-17,2.7755575615628914e-17,1.0
0.0,0.6666666666666666,0.012596304553825035,0.019572256783358586,0.007689916854000095,0.0,2.7755575615628914e-17,2.7755575615628914e-17,2.7755575615628914e-17,1.0
0.10526315789473684,0.8529411764705882,0.016751804258574032,0.048471339016048776,0.2415574288557019,0.0,2.7755575615628914e-17,2.7755575615628914e-17,2.7755575615628914e-17,1.0
0.2526315789473684,0.8823529411764706,0.04398012927553839,0.11453475823763473,0.04690129985996228,0.0,2.7755575615628914e-17,2.7755575615628914e-17,2.7755575615628914e-17,1.0
0.005263157894736842,0.696078431372549,0.02346782553585646,0.038447519418097424,0.23314392580963084,0.0,2.7755575615628914e-17,2.7755575615628914e-17,2.7755575615628914e-17,1.0
0.2684210526315789,0.8627450980392157,0.06745206541194586,0.14050143359671372,0.10873205670741512,0.0,2.7755575615628914e-17,2.7755575615628914e-17,2.7755575615628914e-17,1.0
0.03157894736842105,0.7156862745098039,0.016751804258574032,0.048471339016048776,0.10219546390539147,0.0,2.7755575615628914e-17,2.7755575615628914e-17,2.7755575615628914e-17,1.0
0.005263157894736842,0.7647058823529411,0.016751804258574032,0.048471339016048776,0.18654669153955888,0.0,2.7755575615628914e-17,2.7755575615628914e-17,2.7755575615628914e-17,1.0
0.29999999999999993,0.8137254901960784,0.0331968111995876,0.10533013676179663,0.20465269395369254,0.0,2.7755575615628914e-17,2.7755575615628914e-17,2.7755575615628914e-17,1.0
0.07894736842105263,0.6666666666666666,0.006694914767918546,0.015203688622321588,0.06129067260411949,0.0,2.7755575615628914e-17,2.7755575615628914e-17,2.7755575615628914e-17,1.0
0.0,0.7549019607843137,0.007673351656301374,0.01189319030773502,0.07198507626467683,0.0,2.7755575615628914e-17,2.7755575615628914e-17,2.7755575615628914e-17,1.0
0.0,0.8823529411764706,0.027101433626885836,0.07414638570553825,0.21380572211388524,0.0,2.7755575615628914e-17,2.7755575615628914e-17,2.7755575615628914e-17,1.0
0.042105263157894736,0.3333333333333333,0.0291998422994553,0.06796063387469721,0.3182604260473864,0.0,2.7755575615628914e-17,2.7755575615628914e-17,2.7755575615628914e-17,1.0
0.042105263157894736,0.6764705882352942,0.08573731903131948,0.2121937257825878,0.6354613224687103,0.0,2.7755575615628914e-17,2.7755575615628914e-17,2.7755575615628914e-17,1.0
0.0,0.7647058823529411,0.035071928794305096,0.08276335343009296,0.2634697684626358,0.0,2.7755575615628914e-17,2.7755575615628914e-17,2.7755575615628914e-17,1.0
0.0368421052631579,0.696078431372549,0.02346782553585646,0.060722674080211564,0.06665330249356262,0.0,2.7755575615628914e-17,2.7755575615628914e-17,2.7755575615628914e-17,1.0
0.0,0.4607843137254902,0.015556229983461144,0.048471339016048776,0.145076068505487,0.0,2.7755575615628914e-17,2.7755575615628914e-17,2.7755575615628914e-17,1.0
0.0,0.392156862745098,0.03699451772053443,0.048471339016048776,0.07198507626467683,1.0,2.7755575615628914e-17,2.7755575615628914e-17,2.7755575615628914e-17,1.0
0.010526315789473684,0.27450980392156865,0.013833196469327857,0.055064491701894286,0.18654669153955888,1.0,2.7755575615628914e-17,2.7755575615628914e-17,2.7755575615628914e-17,1.0
0.0,0.24509803921568624,0.011149015008535192,0.02842369982014605,0.13753246278210615,1.0,2.7755575615628914e-17,2.7755575615628914e-17,1.0,1.0
0.0,0.2058823529411765,0.012596304553825035,0.03278933703978013,0.1227184608069059,0.0,2.7755575615628914e-17,2.7755575615628914e-17,1.0,1.0
0.0,0.3333333333333333,0.0200686437732806,0.06796063387469721,0.21380572211388524,1.0,2.7755575615628914e-17,2.7755575615628914e-17,2.7755575615628914e-17,1.0
0.12105263157894736,0.3725490196078432,0.021909183484551203,0.07414638570553825,0.13753246278210615,1.0,2.7755575615628914e-17,2.7755575615628914e-17,2.7755575615628914e-17,1.0
0.1526315789473684,0.4607843137254902,0.010017614940836451,0.02842369982014605,0.07198507626467683,1.0,2.7755575615628914e-17,2.7755575615628914e-17,2.7755575615628914e-17,1.0
0.0,0.4411764705882353,0.015556229983461144,0.038447519418097424,0.0563635022389077,0.0,2.7755575615628914e-17,2.7755575615628914e-17,2.7755575615628914e-17,1.0
0.0,0.4117647058823529,0.012596304553825035,0.038447519418097424,0.06665330249356262,0.0,2.7755575615628914e-17,2.7755575615628914e-17,2.7755575615628914e-17,1.0
0.0,0.4607843137254902,0.06182583352906167,0.17098468965767666,0.8629128053095411,0.0,2.7755575615628914e-17,2.7755575615628914e-17,2.7755575615628914e-17,1.0
0.4263157894736842,0.6176470588235294,0.0994456916205489,0.2601439271341914,0.6033781114870381,1.0,2.7755575615628914e-17,1.0,2.7755575615628914e-17,1.0
0.02631578947368421,0.6470588235294118,0.0029206508798170694,0.01189319030773502,0.007689916854000095,0.0,2.7755575615628914e-17,2.7755575615628914e-17,2.7755575615628914e-17,1.0
0.0,0.6666666666666666,0.004690569659641054,0.01189319030773502,0.005692442968799972,1.0,1.0,2.7755575615628914e-17,2.7755575615628914e-17,1.0
0.0,0.6078431372549019,0.013833196469327857,0.038447519418097424,0.16112227176229918,0.0,2.7755575615628914e-17,2.7755575615628914e-17,2.7755575615628914e-17,1.0
0.0,0.7843137254901961,0.10973671440674733,0.11453475823763473,0.15281748033842013,1.0,1.0,2.7755575615628914e-17,2.7755575615628914e-17,1.0
0.05263157894736842,0.8823529411764706,0.0414368966447284,0.14050143359671372,0.08350707780094371,1.0,2.7755575615628914e-17,1.0,1.0,1.0
0.0368421052631579,0.8431372549019608,0.013833196469327857,0.03278933703978013,0.04690129985996228,1.0,2.7755575615628914e-17,1.0,1.0,1.0
0.1,0.9117647058823528,0.0331968111995876,0.07414638570553825,0.2738276156537381,1.0,2.7755575615628914e-17,1.0,1.0,1.0
0.9263157894736842,0.7647058823529411,0.04611370189737588,0.07414638570553825,0.0306241865785694,1.0,1.0,1.0,1.0,1.0
0.7368421052631579,0.8039215686274509,0.015556229983461144,0.048471339016048776,0.02050644494400024,1.0,2.7755575615628914e-17,1.0,2.7755575615628914e-17,1.0
0.0,0.4607843137254902,0.006694914767918546,0.02341032455046891,0.06665330249356262,0.0,2.7755575615628914e-17,2.7755575615628914e-17,2.7755575615628914e-17,1.0
0.0,0.4117647058823529,0.021909183484551203,0.06796063387469721,0.2634697684626358,1.0,2.7755575615628914e-17,2.7755575615628914e-17,2.7755575615628914e-17,1.0
0.18421052631578946,0.5784313725490196,0.051024933478476864,0.17098468965767666,0.7021105380591829,1.0,2.7755575615628914e-17,2.7755575615628914e-17,2.7755575615628914e-17,1.0
0.3736842105263157,0.7647058823529411,0.06182583352906167,0.18997718994853185,0.23314392580963084,1.0,2.7755575615628914e-17,1.0,1.0,1.0
0.0,0.16666666666666666,0.008699259876196035,0.02842369982014605,0.06665330249356262,1.0,2.7755575615628914e-17,2.7755575615628914e-17,2.7755575615628914e-17,1.0
0.0,0.09803921568627452,0.012596304553825035,0.03278933703978013,0.145076068505487,1.0,2.7755575615628914e-17,2.7755575615628914e-17,1.0,1.0
0.005263157894736842,0.1764705882352941,0.0331968111995876,0.055064491701894286,0.15281748033842013,1.0,1.0,2.7755575615628914e-17,1.0,1.0
0.0,0.1764705882352941,0.08573731903131948,0.2601439271341914,0.8328985890171428,1.0,1.0,2.7755575615628914e-17,1.0,1.0
0.0,0.4215686274509804,0.016751804258574032,0.048471339016048776,0.21380572211388524,0.0,2.7755575615628914e-17,2.7755575615628914e-17,2.7755575615628914e-17,1.0
0.0,0.4901960784313725,0.0200686437732806,0.055064491701894286,0.2634697684626358,0.0,2.7755575615628914e-17,2.7755575615628914e-17,2.7755575615628914e-17,1.0
0.0,0.4117647058823529,0.025437299727776492,0.048471339016048776,0.34118795238185745,1.0,2.7755575615628914e-17,2.7755575615628914e-17,2.7755575615628914e-17,1.0
0.042105263157894736,0.4019607843137255,0.05937051077142175,0.14050143359671372,0.9596775923890422,1.0,2.7755575615628914e-17,2.7755575615628914e-17,2.7755575615628914e-17,1.0
0.0,0.4215686274509804,0.051024933478476864,0.14050143359671372,0.7538766830122355,0.0,2.7755575615628914e-17,2.7755575615628914e-17,2.7755575615628914e-17,1.0
0.0,0.9901960784313726,0.06182583352906167,0.048471339016048776,0.12985746312438431,1.0,2.7755575615628914e-17,1.0,2.7755575615628914e-17,1.0
0.0,1.0,0.0291998422994553,0.048471339016048776,0.10219546390539147,1.0,2.7755575615628914e-17,2.7755575615628914e-17,1.0,1.0
0.0,0.9019607843137256,0.012596304553825035,0.02842369982014605,0.06129067260411949,1.0,2.7755575615628914e-17,2.7755575615628914e-17,1.0,1.0
0.0,1.0,0.016751804258574032,0.06796063387469721,0.08944126108751266,0.0,2.7755575615628914e-17,2.7755575615628914e-17,2.7755575615628914e-17,1.0
0.005263157894736842,0.7058823529411764,0.006694914767918546,0.02341032455046891,0.06665330249356262,0.0,2.7755575615628914e-17,2.7755575615628914e-17,2.7755575615628914e-17,1.0
0.0,0.6078431372549019,0.0200686437732806,0.02341032455046891,0.07198507626467683,0.0,2.7755575615628914e-17,2.7755575615628914e-17,2.7755575615628914e-17,1.0
0.0,0.5588235294117647,0.016751804258574032,0.019572256783358586,0.06665330249356262,0.0,2.7755575615628914e-17,2.7755575615628914e-17,2.7755575615628914e-17,1.0
0.010526315789473684,0.6764705882352942,0.12473999942777182,0.18997718994853185,0.7021105380591829,0.0,2.7755575615628914e-17,2.7755575615628914e-17,2.7755575615628914e-17,1.0
0.005263157894736842,0.3137254901960784,0.021909183484551203,0.03278933703978013,0.08350707780094371,1.0,2.7755575615628914e-17,2.7755575615628914e-17,2.7755575615628914e-17,1.0
0.0,0.3627450980392157,0.012596304553825035,0.038447519418097424,0.12985746312438431,1.0,2.7755575615628914e-17,2.7755575615628914e-17,2.7755575615628914e-17,1.0
0.0,0.3627450980392157,0.18935375620776992,0.2121937257825878,0.881515570794255,0.0,2.7755575615628914e-17,2.7755575615628914e-17,2.7755575615628914e-17,1.0
0.2631578947368421,0.4803921568627451,0.08222707779563876,0.2121937257825878,0.20465269395369254,1.0,2.7755575615628914e-17,2.7755575615628914e-17,2.7755575615628914e-17,1.0
0.0,0.6372549019607843,0.010017614940836451,0.02842369982014605,0.16926828700113472,1.0,2.7755575615628914e-17,2.7755575615628914e-17,2.7755575615628914e-17,1.0
0.0,0.5980392156862745,0.021909183484551203,0.060722674080211564,0.2956302219127075,1.0,2.7755575615628914e-17,2.7755575615628914e-17,2.7755575615628914e-17,1.0
0.0,0.6666666666666666,0.016751804258574032,0.048471339016048776,0.22315655638363024,0.0,2.7755575615628914e-17,2.7755575615628914e-17,2.7755575615628914e-17,1.0
0.0,0.6176470588235294,0.013833196469327857,0.048471339016048776,0.2956302219127075,1.0,2.7755575615628914e-17,2.7755575615628914e-17,2.7755575615628914e-17,1.0
0.0,0.7450980392156863,0.21889147359291192,0.15099566928983213,0.15281748033842013,0.0,2.7755575615628914e-17,2.7755575615628914e-17,2.7755575615628914e-17,1.0
0.0,0.9215686274509804,0.051024933478476864,0.17098468965767666,0.08944126108751266,1.0,1.0,1.0,2.7755575615628914e-17,1.0
0.005263157894736842,0.8039215686274509,0.14068098976261034,0.02341032455046891,0.05142386681927163,1.0,1.0,1.0,2.7755575615628914e-17,1.0
0.0,0.7450980392156863,0.008699259876196035,0.02341032455046891,0.023626386762847854,1.0,1.0,2.7755575615628914e-17,1.0,1.0
0.0,0.7647058823529411,0.015556229983461144,0.048471339016048776,0.07198507626467683,1.0,2.7755575615628914e-17,2.7755575615628914e-17,2.7755575615628914e-17,1.0
0.0,0.8137254901960784,0.05408419706479516,0.10533013676179663,0.01745618482283582,1.0,1.0,1.0,2.7755575615628914e-17,1.0
0.0,0.8725490196078431,0.0994456916205489,0.01189319030773502,0.01474084640989064,1.0,1.0,2.7755575615628914e-17,2.7755575615628914e-17,1.0
0.05263157894736842,0.892156862745098,0.025437299727776492,0.048471339016048776,0.02050644494400024,1.0,1.0,1.0,2.7755575615628914e-17,1.0
0.0,0.9117647058823528,0.19896523567436372,0.08874247389202884,0.01211358075853331,1.0,1.0,1.0,1.0,1.0
0.0,0.9901960784313726,0.035071928794305096,0.060722674080211564,0.21380572211388524,1.0,2.7755575615628914e-17,2.7755575615628914e-17,2.7755575615628914e-17,1.0
0.0,0.9411764705882352,0.05937051077142175,0.055064491701894286,0.03434653791287173,1.0,1.0,2.7755575615628914e-17,1.0,1.0
0.0,0.9215686274509804,0.006694914767918546,0.01189319030773502,0.01474084640989064,1.0,1.0,2.7755575615628914e-17,1.0,1.0
0.0736842105263158,0.931372549019608,0.025437299727776492,0.06796063387469721,0.05142386681927163,1.0,2.7755575615628914e-17,1.0,1.0,1.0
0.0,0.8725490196078431,0.025437299727776492,0.03278933703978013,0.10873205670741512,1.0,1.0,2.7755575615628914e-17,2.7755575615628914e-17,1.0
0.2842105263157895,0.8039215686274509,0.14068098976261034,0.2601439271341914,0.04257653901020522,1.0,1.0,1.0,1.0,1.0
0.0,0.8725490196078431,0.0200686437732806,0.060722674080211564,0.08350707780094371,0.0,2.7755575615628914e-17,2.7755575615628914e-17,2.7755575615628914e-17,1.0
0.0,0.8627450980392157,0.0055635147002198035,0.01189319030773502,0.03434653791287173,1.0,1.0,2.7755575615628914e-17,2.7755575615628914e-17,1.0
0.0,0.8431372549019608,0.0055635147002198035,0.005386500393275357,0.01211358075853331,1.0,2.7755575615628914e-17,2.7755575615628914e-17,2.7755575615628914e-17,1.0
0.005263157894736842,0.8627450980392157,0.012596304553825035,0.019572256783358586,0.04690129985996228,1.0,2.7755575615628914e-17,2.7755575615628914e-17,1.0,1.0
0.32631578947368417,0.9509803921568628,0.05408419706479516,0.12232959689867323,0.1157772645989798,1.0,2.7755575615628914e-17,1.0,1.0,1.0
0.015789473684210523,0.7647058823529411,0.015556229983461144,0.03278933703978013,0.023626386762847854,1.0,2.7755575615628914e-17,1.0,2.7755575615628914e-17,1.0
0.15789473684210525,0.6666666666666666,0.013833196469327857,0.038447519418097424,0.07198507626467683,1.0,2.7755575615628914e-17,2.7755575615628914e-17,2.7755575615628914e-17,1.0
0.32105263157894737,0.8235294117647058,0.03940881587069499,0.08874247389202884,0.03826669535672637,1.0,2.7755575615628914e-17,1.0,1.0,1.0
0.010526315789473684,0.696078431372549,0.012596304553825035,0.03278933703978013,0.17799607289482094,0.0,2.7755575615628914e-17,1.0,2.7755575615628914e-17,1.0
0.0,0.3431372549019608,0.012596304553825035,0.048471339016048776,0.17799607289482094,0.0,2.7755575615628914e-17,2.7755575615628914e-17,2.7755575615628914e-17,1.0
0.04736842105263157,0.3333333333333333,0.0200686437732806,0.048471339016048776,0.3065904786192644,1.0,2.7755575615628914e-17,2.7755575615628914e-17,2.7755575615628914e-17,1.0
0.0,0.2549019607843137,0.0036881040725917397,0.01189319030773502,0.0306241865785694,1.0,2.7755575615628914e-17,2.7755575615628914e-17,2.7755575615628914e-17,1.0
0.0,0.2352941176470588,0.012596304553825035,0.02842369982014605,0.10873205670741512,0.0,2.7755575615628914e-17,2.7755575615628914e-17,2.7755575615628914e-17,1.0
0.05789473684210526,0.2647058823529412,0.0200686437732806,0.048471339016048776,0.2634697684626358,1.0,2.7755575615628914e-17,2.7755575615628914e-17,2.7755575615628914e-17,1.0
0.3684210526315789,0.3137254901960784,0.011149015008535192,0.02341032455046891,0.0955732504836339,1.0,1.0,2.7755575615628914e-17,2.7755575615628914e-17,1.0
0.0,0.22549019607843135,0.008699259876196035,0.02341032455046891,0.07198507626467683,1.0,2.7755575615628914e-17,2.7755575615628914e-17,2.7755575615628914e-17,1.0
0.0,0.2058823529411765,0.02346782553585646,0.060722674080211564,0.2738276156537381,0.0,2.7755575615628914e-17,2.7755575615628914e-17,2.7755575615628914e-17,1.0
0.0,0.14705882352941174,0.035071928794305096,0.08276335343009296,0.5879941908759481,0.0,2.7755575615628914e-17,2.7755575615628914e-17,1.0,1.0
0.2894736842105263,0.3529411764705882,0.0414368966447284,0.12232959689867323,0.2738276156537381,1.0,2.7755575615628914e-17,2.7755575615628914e-17,1.0,1.0
0.005263157894736842,0.5294117647058824,0.07940780816307476,0.20205120305781865,0.5127428616618044,0.0,2.7755575615628914e-17,2.7755575615628914e-17,2.7755575615628914e-17,1.0
0.0,0.6764705882352942,0.06489125080650186,0.18997718994853185,0.5879941908759481,0.0,2.7755575615628914e-17,2.7755575615628914e-17,2.7755575615628914e-17,1.0
0.24210526315789474,0.7549019607843137,0.051024933478476864,0.048471339016048776,0.0563635022389077,1.0,2.7755575615628914e-17,1.0,1.0,1.0
0.0,0.8627450980392157,0.02346782553585646,0.06796063387469721,0.1157772645989798,0.0,2.7755575615628914e-17,2.7755575615628914e-17,2.7755575615628914e-17,1.0
0.0,0.7450980392156863,0.008699259876196035,0.02341032455046891,0.10873205670741512,0.0,2.7755575615628914e-17,2.7755575615628914e-17,2.7755575615628914e-17,1.0
0.0,0.8039215686274509,0.011149015008535192,0.02842369982014605,0.13753246278210615,1.0,2.7755575615628914e-17,2.7755575615628914e-17,2.7755575615628914e-17,1.0
0.16842105263157894,0.7254901960784313,0.008699259876196035,0.0020452271939582368,0.007689916854000095,1.0,1.0,2.7755575615628914e-17,1.0,1.0
0.0,0.8431372549019608,0.006694914767918546,0.019572256783358586,0.0563635022389077,1.0,2.7755575615628914e-17,2.7755575615628914e-17,2.7755575615628914e-17,1.0
0.0,0.8431372549019608,0.008699259876196035,0.02842369982014605,0.05142386681927163,1.0,1.0,2.7755575615628914e-17,1.0,1.0
0.0,0.8039215686274509,0.027101433626885836,0.015203688622321588,0.005692442968799972,0.0,2.7755575615628914e-17,2.7755575615628914e-17,2.7755575615628914e-17,1.0
0.5105263157894736,0.8039215686274509,0.03699451772053443,0.06796063387469721,0.07198507626467683,0.0,2.7755575615628914e-17,1.0,2.7755575615628914e-17,1.0
0.0,0.9117647058823528,0.011149015008535192,0.02842369982014605,0.10873205670741512,1.0,2.7755575615628914e-17,1.0,2.7755575615628914e-17,1.0
0.32631578947368417,0.8137254901960784,0.035071928794305096,0.11453475823763473,0.06665330249356262,1.0,2.7755575615628914e-17,1.0,2.7755575615628914e-17,1.0
0.0,0.8627450980392157,0.0414368966447284,0.10533013676179663,0.08350707780094371,0.0,2.7755575615628914e-17,1.0,2.7755575615628914e-17,1.0
0.0,0.8725490196078431,0.016751804258574032,0.055064491701894286,0.16926828700113472,0.0,2.7755575615628914e-17,2.7755575615628914e-17,2.7755575615628914e-17,1.0
0.0,0.8431372549019608,0.011149015008535192,0.03278933703978013,0.10873205670741512,0.0,2.7755575615628914e-17,2.7755575615628914e-17,2.7755575615628914e-17,1.0
0.05789473684210526,0.8823529411764706,0.0994456916205489,0.1803622366762864,0.06665330249356262,1.0,2.7755575615628914e-17,1.0,2.7755575615628914e-17,1.0
0.42105263157894735,0.8333333333333334,0.027101433626885836,0.06796063387469721,0.12985746312438431,1.0,2.7755575615628914e-17,1.0,1.0,1.0
0.0,0.7941176470588235,0.010017614940836451,0.01189319030773502,0.04257653901020522,1.0,2.7755575615628914e-17,2.7755575615628914e-17,1.0,1.0
0.0,0.7843137254901961,0.011149015008535192,0.02341032455046891,0.07198507626467683,1.0,2.7755575615628914e-17,2.7755575615628914e-17,1.0,1.0
0.005263157894736842,0.8235294117647058,0.013833196469327857,0.048471339016048776,0.145076068505487,1.0,2.7755575615628914e-17,2.7755575615628914e-17,1.0,1.0
0.4052631578947368,0.8627450980392157,0.05937051077142175,0.1803622366762864,0.08944126108751266,1.0,2.7755575615628914e-17,1.0,1.0,1.0
